ParticipantName,FixationFilter,MediaName,RecordingTimestamp,FixationIndex,GazeEventType,GazeEventDuration,GazePointX (ADCSpx),GazePointY (ADCSpx),DistanceLeft,DistanceRight,ValidityLeft,ValidityRight
Adult8,I-VT filter,,110,,Unclassified,8,927,534,668.42,668.42,0,0
Adult8,I-VT filter,,113,,Unclassified,8,933,538,668.69,668.69,0,0
Adult8,I-VT filter,,117,,Unclassified,8,925,534,669.44,669.44,0,0
Adult8,I-VT filter,,120,1,Fixation,203,933,534,670.16,670.16,0,0
Adult8,I-VT filter,,123,1,Fixation,203,934,538,669.72,669.72,0,0
Adult8,I-VT filter,,127,1,Fixation,203,933,527,669.17,669.17,0,0
Adult8,I-VT filter,,130,1,Fixation,203,933,533,668.95,668.95,0,0
Adult8,I-VT filter,,133,1,Fixation,203,937,540,669.11,669.11,0,0
Adult8,I-VT filter,,137,1,Fixation,203,929,537,668.93,668.93,0,0
Adult8,I-VT filter,,140,1,Fixation,203,935,538,669.45,669.45,0,0
Adult8,I-VT filter,,143,1,Fixation,203,940,539,669.53,669.53,0,0
Adult8,I-VT filter,,147,1,Fixation,203,929,532,669.82,669.82,0,0
Adult8,I-VT filter,,150,1,Fixation,203,938,536,670.28,670.28,0,0
Adult8,I-VT filter,,153,1,Fixation,203,935,534,669.32,669.32,0,0
Adult8,I-VT filter,,157,1,Fixation,203,925,537,669.56,669.56,0,0
Adult8,I-VT filter,,160,1,Fixation,203,940,535,669.6,669.6,0,0
Adult8,I-VT filter,,163,1,Fixation,203,934,538,669.2,669.2,0,0
Adult8,I-VT filter,,167,1,Fixation,203,933,534,668.64,668.64,0,0
Adult8,I-VT filter,,170,1,Fixation,203,928,540,668.54,668.54,0,0
Adult8,I-VT filter,,173,1,Fixation,203,930,541,669.03,669.03,0,0
Adult8,I-VT filter,,177,1,Fixation,203,930,537,669.27,669.27,0,0
Adult8,I-VT filter,,180,1,Fixation,203,922,539,669.84,669.84,0,0
Adult8,I-VT filter,,183,1,Fixation,203,930,531,669.64,669.64,0,0
Adult8,I-VT filter,,187,1,Fixation,203,932,536,669.27,669.27,0,0
Adult8,I-VT filter,,190,1,Fixation,203,932,532,669.09,669.09,0,0
Adult8,I-VT filter,,193,1,Fixation,203,933,532,669.16,669.16,0,0
Adult8,I-VT filter,,197,1,Fixation,203,935,532,669.38,669.38,0,0
Adult8,I-VT filter,,200,1,Fixation,203,927,531,669.89,669.89,0,0
Adult8,I-VT filter,,203,1,Fixation,203,932,532,669.45,669.45,0,0
Adult8,I-VT filter,,207,1,Fixation,203,938,536,669.56,669.56,0,0
Adult8,I-VT filter,,210,1,Fixation,203,936,538,669.92,669.92,0,0
Adult8,I-VT filter,,213,1,Fixation,203,933,530,670.16,670.16,0,0
Adult8,I-VT filter,,217,1,Fixation,203,931,532,670.08,670.08,0,0
Adult8,I-VT filter,,220,1,Fixation,203,937,534,669.63,669.63,0,0
Adult8,I-VT filter,,223,1,Fixation,203,930,540,669.61,669.61,0,0
Adult8,I-VT filter,,227,1,Fixation,203,931,537,669.02,669.02,0,0
Adult8,I-VT filter,,230,1,Fixation,203,939,541,668.72,668.72,0,0
Adult8,I-VT filter,,233,1,Fixation,203,932,536,669.26,669.26,0,0
Adult8,I-VT filter,,237,1,Fixation,203,931,538,669.51,669.51,0,0
Adult8,I-VT filter,,240,1,Fixation,203,926,535,671.04,671.04,0,0
Adult8,I-VT filter,,243,1,Fixation,203,933,531,671.05,671.05,0,0
Adult8,I-VT filter,,247,1,Fixation,203,930,532,670.23,670.23,0,0
Adult8,I-VT filter,,250,1,Fixation,203,928,535,669.62,669.62,0,0
Adult8,I-VT filter,,253,1,Fixation,203,941,537,669.67,669.67,0,0
Adult8,I-VT filter,,257,1,Fixation,203,940,536,669.22,669.22,0,0
Adult8,I-VT filter,,260,1,Fixation,203,934,536,669.69,669.69,0,0
Adult8,I-VT filter,,263,1,Fixation,203,936,544,669.73,669.73,0,0
Adult8,I-VT filter,,267,1,Fixation,203,935,546,669.65,669.65,0,0
Adult8,I-VT filter,,270,1,Fixation,203,928,541,669.29,669.29,0,0
Adult8,I-VT filter,,273,1,Fixation,203,939,533,668.66,668.66,0,0
Adult8,I-VT filter,,277,1,Fixation,203,935,538,668.39,668.39,0,0
Adult8,I-VT filter,,280,1,Fixation,203,929,535,669.18,669.18,0,0
Adult8,I-VT filter,,283,1,Fixation,203,934,544,669.12,669.12,0,0
Adult8,I-VT filter,,287,1,Fixation,203,933,537,669.95,669.95,0,0
Adult8,I-VT filter,,290,1,Fixation,203,931,543,669.74,669.74,0,0
Adult8,I-VT filter,,293,1,Fixation,203,934,546,669.15,669.15,0,0
Adult8,I-VT filter,,297,1,Fixation,203,926,541,669.37,669.37,0,0
Adult8,I-VT filter,,300,1,Fixation,203,931,544,668.72,668.72,0,0
Adult8,I-VT filter,,303,1,Fixation,203,931,550,668.3,668.3,0,0
Adult8,I-VT filter,,307,1,Fixation,203,931,551,668.05,668.05,0,0
Adult8,I-VT filter,,310,1,Fixation,203,933,547,667.97,667.97,0,0
Adult8,I-VT filter,,313,1,Fixation,203,927,547,668.31,668.31,0,0
Adult8,I-VT filter,,317,1,Fixation,203,930,550,668.59,668.59,0,0
Adult8,I-VT filter,,320,1,Fixation,203,933,554,667.74,667.74,0,0
Adult8,I-VT filter,,323,,Saccade,3,927,551,667.42,667.42,0,0
Adult8,I-VT filter,,327,,Unclassified,3,932,561,665.8,665.8,0,0
Adult8,I-VT filter,,330,,Saccade,13,928,557,665.79,665.79,0,0
Adult8,I-VT filter,,333,,Saccade,13,920,570,665.53,665.53,0,0
Adult8,I-VT filter,,337,,Saccade,13,924,555,667.63,667.63,0,0
Adult8,I-VT filter,,340,,Saccade,13,921,573,668.1,668.1,0,0
Adult8,I-VT filter,,343,,Unclassified,10,924,577,667.83,667.83,0,0
Adult8,I-VT filter,,347,,Unclassified,10,917,539,668.95,,0,4
Adult8,I-VT filter,,350,,Unclassified,10,910,594,670.06,,0,4
Adult8,I-VT filter,,353,,Unclassified,200,,,,,4,4
Adult8,I-VT filter,,357,,Unclassified,200,,,,,4,4
Adult8,I-VT filter,,360,,Unclassified,200,,,,,4,4
Adult8,I-VT filter,,363,,Unclassified,200,,,,,4,4
Adult8,I-VT filter,,367,,Unclassified,200,,,,,4,4
Adult8,I-VT filter,,370,,Unclassified,200,,,,,4,4
Adult8,I-VT filter,,373,,Unclassified,200,,,,,4,4
Adult8,I-VT filter,,377,,Unclassified,200,,,,,4,4
Adult8,I-VT filter,,380,,Unclassified,200,,,,,4,4
Adult8,I-VT filter,,383,,Unclassified,200,,,,,4,4
Adult8,I-VT filter,,387,,Unclassified,200,,,,,4,4
Adult8,I-VT filter,,390,,Unclassified,200,,,,,4,4
Adult8,I-VT filter,,393,,Unclassified,200,,,,,4,4
Adult8,I-VT filter,,397,,Unclassified,200,,,,,4,4
Adult8,I-VT filter,,400,,Unclassified,200,,,,,4,4
Adult8,I-VT filter,,403,,Unclassified,200,,,,,4,4
Adult8,I-VT filter,,407,,Unclassified,200,,,,,4,4
Adult8,I-VT filter,,410,,Unclassified,200,,,,,4,4
Adult8,I-VT filter,,413,,Unclassified,200,,,,,4,4
Adult8,I-VT filter,,417,,Unclassified,200,,,,,4,4
Adult8,I-VT filter,,420,,Unclassified,200,,,,,4,4
Adult8,I-VT filter,,423,,Unclassified,200,,,,,4,4
Adult8,I-VT filter,,427,,Unclassified,200,,,,,4,4
Adult8,I-VT filter,,430,,Unclassified,200,,,,,4,4
Adult8,I-VT filter,,433,,Unclassified,200,,,,,4,4
Adult8,I-VT filter,,437,,Unclassified,200,,,,,4,4
Adult8,I-VT filter,,440,,Unclassified,200,,,,,4,4
Adult8,I-VT filter,,443,,Unclassified,200,,,,,4,4
Adult8,I-VT filter,,447,,Unclassified,200,,,,,4,4
Adult8,I-VT filter,,450,,Unclassified,200,,,,,4,4
Adult8,I-VT filter,,453,,Unclassified,200,,,,,4,4
Adult8,I-VT filter,,457,,Unclassified,200,,,,,4,4
Adult8,I-VT filter,,460,,Unclassified,200,,,,,4,4
Adult8,I-VT filter,,463,,Unclassified,200,,,,,4,4
Adult8,I-VT filter,,467,,Unclassified,200,,,,,4,4
Adult8,I-VT filter,,470,,Unclassified,200,,,,,4,4
Adult8,I-VT filter,,473,,Unclassified,200,,,,,4,4
Adult8,I-VT filter,,477,,Unclassified,200,,,,,4,4
Adult8,I-VT filter,,480,,Unclassified,200,,,,,4,4
Adult8,I-VT filter,,483,,Unclassified,200,,,,,4,4
Adult8,I-VT filter,,487,,Unclassified,200,,,,,4,4
Adult8,I-VT filter,,490,,Unclassified,200,,,,,4,4
Adult8,I-VT filter,,493,,Unclassified,200,,,,,4,4
Adult8,I-VT filter,,497,,Unclassified,200,,,,,4,4
Adult8,I-VT filter,,500,,Unclassified,200,,,,,4,4
Adult8,I-VT filter,,503,,Unclassified,200,,,,,4,4
Adult8,I-VT filter,,507,,Unclassified,200,,,,,4,4
Adult8,I-VT filter,,510,,Unclassified,200,,,,,4,4
Adult8,I-VT filter,,513,,Unclassified,200,,,,,4,4
Adult8,I-VT filter,,517,,Unclassified,200,,,,,4,4
Adult8,I-VT filter,,520,,Unclassified,200,,,,,4,4
Adult8,I-VT filter,,523,,Unclassified,200,1012,701,646.32,646.32,2,2
Adult8,I-VT filter,,527,,Unclassified,200,,,,,4,4
Adult8,I-VT filter,,530,,Unclassified,200,,,,,4,4
Adult8,I-VT filter,,533,,Unclassified,200,,,,,4,4
Adult8,I-VT filter,,537,,Unclassified,200,991,681,645.29,645.29,2,2
Adult8,I-VT filter,,540,,Unclassified,200,994,603,645.17,645.17,2,2
Adult8,I-VT filter,,543,,Unclassified,200,990,587,645.32,645.32,2,2
Adult8,I-VT filter,,547,,Unclassified,200,982,574,645.45,645.45,2,2
Adult8,I-VT filter,,550,,Unclassified,200,978,566,646.26,646.26,2,2
Adult8,I-VT filter,,553,,Unclassified,10,998,566,636.3,636.3,3,1
Adult8,I-VT filter,,557,,Unclassified,10,998,552,636.29,636.29,3,1
Adult8,I-VT filter,,560,,Unclassified,10,926,518,669.55,669.55,0,0
Adult8,I-VT filter,,563,,Saccade,7,928,507,670.01,670.01,0,0
Adult8,I-VT filter,,567,,Saccade,7,930,525,670.13,670.13,0,0
Adult8,I-VT filter,,570,,Unclassified,10,937,508,670.59,670.59,0,0
Adult8,I-VT filter,,573,,Unclassified,10,973,557,,0,4,0
Adult8,I-VT filter,,577,,Unclassified,10,975,565,,0,4,0
Adult8,I-VT filter,,580,,Saccade,13,968,569,,0,4,0
Adult8,I-VT filter,,583,,Saccade,13,963,575,,0,4,0
Adult8,I-VT filter,,587,,Saccade,13,970,583,,0,4,0
Adult8,I-VT filter,,590,,Saccade,13,930,537,670.89,670.89,0,0
Adult8,I-VT filter,,593,2,Fixation,757,931,542,670.64,670.64,0,0
Adult8,I-VT filter,,597,2,Fixation,757,936,540,670.02,670.02,0,0
Adult8,I-VT filter,,600,2,Fixation,757,930,537,669.75,669.75,0,0
Adult8,I-VT filter,,603,2,Fixation,757,931,533,669.65,669.65,0,0
Adult8,I-VT filter,,607,2,Fixation,757,928,528,669.78,669.78,0,0
Adult8,I-VT filter,,610,2,Fixation,757,930,530,670.1,670.1,0,0
Adult8,I-VT filter,,613,2,Fixation,757,928,534,669.45,669.45,0,0
Adult8,I-VT filter,,617,2,Fixation,757,927,531,669.6,669.6,0,0
Adult8,I-VT filter,,620,2,Fixation,757,930,529,668.92,668.92,0,0
Adult8,I-VT filter,,623,2,Fixation,757,934,529,669.02,669.02,0,0
Adult8,I-VT filter,,627,2,Fixation,757,931,529,669.73,669.73,0,0
Adult8,I-VT filter,,630,2,Fixation,757,932,532,670.07,670.07,0,0
Adult8,I-VT filter,,633,2,Fixation,757,931,530,670.04,670.04,0,0
Adult8,I-VT filter,,637,2,Fixation,757,933,529,670.98,670.98,0,0
Adult8,I-VT filter,,640,2,Fixation,757,933,532,670.63,670.63,0,0
Adult8,I-VT filter,,643,2,Fixation,757,932,530,671.17,671.17,0,0
Adult8,I-VT filter,,647,2,Fixation,757,933,528,671.81,671.81,0,0
Adult8,I-VT filter,,650,2,Fixation,757,938,527,671.5,671.5,0,0
Adult8,I-VT filter,,653,2,Fixation,757,933,531,671.7,671.7,0,0
Adult8,I-VT filter,,657,2,Fixation,757,930,533,671.27,671.27,0,0
Adult8,I-VT filter,,660,2,Fixation,757,932,528,671.42,671.42,0,0
Adult8,I-VT filter,,663,2,Fixation,757,928,531,671.44,671.44,0,0
Adult8,I-VT filter,,667,2,Fixation,757,933,530,671.26,671.26,0,0
Adult8,I-VT filter,,670,2,Fixation,757,934,531,671.04,671.04,0,0
Adult8,I-VT filter,,673,2,Fixation,757,931,536,670.1,670.1,0,0
Adult8,I-VT filter,,676,2,Fixation,757,929,531,670.6,670.6,0,0
Adult8,I-VT filter,,680,2,Fixation,757,929,535,670.03,670.03,0,0
Adult8,I-VT filter,,683,2,Fixation,757,932,535,669.86,669.86,0,0
Adult8,I-VT filter,,687,2,Fixation,757,930,526,670.32,670.32,0,0
Adult8,I-VT filter,,690,2,Fixation,757,932,532,669.5,669.5,0,0
Adult8,I-VT filter,,693,2,Fixation,757,920,522,669.44,669.44,0,0
Adult8,I-VT filter,,697,2,Fixation,757,936,532,669.92,669.92,0,0
Adult8,I-VT filter,,700,2,Fixation,757,926,530,669.5,669.5,0,0
Adult8,I-VT filter,,703,2,Fixation,757,929,533,669.79,669.79,0,0
Adult8,I-VT filter,,706,2,Fixation,757,932,532,670.3,670.3,0,0
Adult8,I-VT filter,,710,2,Fixation,757,933,536,670.1,670.1,0,0
Adult8,I-VT filter,,713,2,Fixation,757,932,529,669.32,669.32,0,0
Adult8,I-VT filter,,717,2,Fixation,757,929,536,669.74,669.74,0,0
Adult8,I-VT filter,,720,2,Fixation,757,926,532,669.17,669.17,0,0
Adult8,I-VT filter,,723,2,Fixation,757,925,534,669.21,669.21,0,0
Adult8,I-VT filter,,727,2,Fixation,757,934,531,669.18,669.18,0,0
Adult8,I-VT filter,,730,2,Fixation,757,932,528,669.33,669.33,0,0
Adult8,I-VT filter,,733,2,Fixation,757,929,529,669.7,669.7,0,0
Adult8,I-VT filter,,737,2,Fixation,757,930,530,669,669,0,0
Adult8,I-VT filter,,740,2,Fixation,757,931,533,669.04,669.04,0,0
Adult8,I-VT filter,,743,2,Fixation,757,935,535,668.56,668.56,0,0
Adult8,I-VT filter,,747,2,Fixation,757,936,534,668.71,668.71,0,0
Adult8,I-VT filter,,750,2,Fixation,757,933,544,668.75,668.75,0,0
Adult8,I-VT filter,,753,2,Fixation,757,932,538,668.59,668.59,0,0
Adult8,I-VT filter,,757,2,Fixation,757,935,535,668.35,668.35,0,0
Adult8,I-VT filter,,760,2,Fixation,757,940,535,668.58,668.58,0,0
Adult8,I-VT filter,,763,2,Fixation,757,934,534,668.79,668.79,0,0
Adult8,I-VT filter,,767,2,Fixation,757,939,539,668.6,668.6,0,0
Adult8,I-VT filter,,770,2,Fixation,757,936,532,667.58,667.58,0,0
Adult8,I-VT filter,,773,2,Fixation,757,939,536,667.91,667.91,0,0
Adult8,I-VT filter,,776,2,Fixation,757,937,531,668.05,668.05,0,0
Adult8,I-VT filter,,780,2,Fixation,757,938,536,668.04,668.04,0,0
Adult8,I-VT filter,,783,2,Fixation,757,932,534,667.9,667.9,0,0
Adult8,I-VT filter,,787,2,Fixation,757,936,535,668.25,668.25,0,0
Adult8,I-VT filter,,790,2,Fixation,757,932,542,668.3,668.3,0,0
Adult8,I-VT filter,,793,2,Fixation,757,937,539,667.61,667.61,0,0
Adult8,I-VT filter,,797,2,Fixation,757,936,535,667.83,667.83,0,0
Adult8,I-VT filter,,800,2,Fixation,757,935,534,667.85,667.85,0,0
Adult8,I-VT filter,,803,2,Fixation,757,932,540,667.91,667.91,0,0
Adult8,I-VT filter,,807,2,Fixation,757,942,532,668.07,668.07,0,0
Adult8,I-VT filter,,810,2,Fixation,757,926,534,667.96,667.96,0,0
Adult8,I-VT filter,,813,2,Fixation,757,940,534,667.81,667.81,0,0
Adult8,I-VT filter,,817,2,Fixation,757,939,534,668.02,668.02,0,0
Adult8,I-VT filter,,820,2,Fixation,757,935,539,667.96,667.96,0,0
Adult8,I-VT filter,,823,2,Fixation,757,937,536,668.02,668.02,0,0
Adult8,I-VT filter,,827,2,Fixation,757,931,536,667.7,667.7,0,0
Adult8,I-VT filter,,830,2,Fixation,757,937,539,668.05,668.05,0,0
Adult8,I-VT filter,,833,2,Fixation,757,927,534,668.42,668.42,0,0
Adult8,I-VT filter,,837,2,Fixation,757,933,539,668.38,668.38,0,0
Adult8,I-VT filter,,840,2,Fixation,757,939,535,668.51,668.51,0,0
Adult8,I-VT filter,,843,2,Fixation,757,929,541,668.54,668.54,0,0
Adult8,I-VT filter,,846,2,Fixation,757,939,539,668.83,668.83,0,0
Adult8,I-VT filter,,850,2,Fixation,757,934,539,669.01,669.01,0,0
Adult8,I-VT filter,,853,2,Fixation,757,936,544,668.71,668.71,0,0
Adult8,I-VT filter,,857,2,Fixation,757,938,535,669.04,669.04,0,0
Adult8,I-VT filter,,860,2,Fixation,757,933,543,668.79,668.79,0,0
Adult8,I-VT filter,,863,2,Fixation,757,936,542,668.55,668.55,0,0
Adult8,I-VT filter,,867,2,Fixation,757,937,538,668.39,668.39,0,0
Adult8,I-VT filter,,870,2,Fixation,757,936,531,668.9,668.9,0,0
Adult8,I-VT filter,,873,2,Fixation,757,937,536,668.82,668.82,0,0
Adult8,I-VT filter,,877,2,Fixation,757,943,535,668.8,668.8,0,0
Adult8,I-VT filter,,880,2,Fixation,757,934,531,668.18,668.18,0,0
Adult8,I-VT filter,,883,2,Fixation,757,934,541,668.05,668.05,0,0
Adult8,I-VT filter,,887,2,Fixation,757,937,538,668.37,668.37,0,0
Adult8,I-VT filter,,890,2,Fixation,757,934,536,668.13,668.13,0,0
Adult8,I-VT filter,,893,2,Fixation,757,936,535,668.09,668.09,0,0
Adult8,I-VT filter,,897,2,Fixation,757,937,534,668.38,668.38,0,0
Adult8,I-VT filter,,900,2,Fixation,757,938,542,668.74,668.74,0,0
Adult8,I-VT filter,,903,2,Fixation,757,935,538,668.34,668.34,0,0
Adult8,I-VT filter,,906,2,Fixation,757,939,536,668.97,668.97,0,0
Adult8,I-VT filter,,910,2,Fixation,757,938,540,668.96,668.96,0,0
Adult8,I-VT filter,,913,2,Fixation,757,938,541,668.73,668.73,0,0
Adult8,I-VT filter,,916,2,Fixation,757,936,538,668.92,668.92,0,0
Adult8,I-VT filter,,920,2,Fixation,757,934,540,668.7,668.7,0,0
Adult8,I-VT filter,,923,2,Fixation,757,938,534,668.59,668.59,0,0
Adult8,I-VT filter,,927,2,Fixation,757,937,544,668.56,668.56,0,0
Adult8,I-VT filter,,930,2,Fixation,757,941,546,668.5,668.5,0,0
Adult8,I-VT filter,,933,2,Fixation,757,940,536,669.13,669.13,0,0
Adult8,I-VT filter,,936,2,Fixation,757,934,534,668.98,668.98,0,0
Adult8,I-VT filter,,940,2,Fixation,757,937,529,669.11,669.11,0,0
Adult8,I-VT filter,,943,2,Fixation,757,931,534,669.03,669.03,0,0
Adult8,I-VT filter,,946,2,Fixation,757,934,539,668.58,668.58,0,0
Adult8,I-VT filter,,950,2,Fixation,757,938,532,668.65,668.65,0,0
Adult8,I-VT filter,,953,2,Fixation,757,940,541,668.06,668.06,0,0
Adult8,I-VT filter,,957,2,Fixation,757,943,540,668.46,668.46,0,0
Adult8,I-VT filter,,960,2,Fixation,757,947,541,668.09,668.09,0,0
Adult8,I-VT filter,,963,2,Fixation,757,940,529,667.87,667.87,0,0
Adult8,I-VT filter,,967,2,Fixation,757,932,540,667.88,667.88,0,0
Adult8,I-VT filter,,970,2,Fixation,757,937,531,668.12,668.12,0,0
Adult8,I-VT filter,,973,2,Fixation,757,935,545,668.25,668.25,0,0
Adult8,I-VT filter,,976,2,Fixation,757,936,539,668.28,668.28,0,0
Adult8,I-VT filter,,980,2,Fixation,757,935,530,667.74,667.74,0,0
Adult8,I-VT filter,,983,2,Fixation,757,934,536,667.9,667.9,0,0
Adult8,I-VT filter,,987,2,Fixation,757,937,532,667.7,667.7,0,0
Adult8,I-VT filter,,990,2,Fixation,757,935,541,668.02,668.02,0,0
Adult8,I-VT filter,,993,2,Fixation,757,937,532,667.75,667.75,0,0
Adult8,I-VT filter,,997,2,Fixation,757,944,527,667.69,667.69,0,0
Adult8,I-VT filter,,1000,2,Fixation,757,939,537,667.8,667.8,0,0
Adult8,I-VT filter,,1003,2,Fixation,757,936,535,667.61,667.61,0,0
Adult8,I-VT filter,,1006,2,Fixation,757,943,532,667.6,667.6,0,0
Adult8,I-VT filter,,1010,2,Fixation,757,936,529,667.57,667.57,0,0
Adult8,I-VT filter,,1013,2,Fixation,757,937,533,667.81,667.81,0,0
Adult8,I-VT filter,,1016,2,Fixation,757,933,528,667.22,667.22,0,0
Adult8,I-VT filter,,1020,2,Fixation,757,932,532,667.75,667.75,0,0
Adult8,I-VT filter,,1023,2,Fixation,757,932,535,667.3,667.3,0,0
Adult8,I-VT filter,,1027,2,Fixation,757,930,537,667.45,667.45,0,0
Adult8,I-VT filter,,1030,2,Fixation,757,934,533,667.11,667.11,0,0
Adult8,I-VT filter,,1033,2,Fixation,757,934,542,666.97,666.97,0,0
Adult8,I-VT filter,,1036,2,Fixation,757,936,528,667.24,667.24,0,0
Adult8,I-VT filter,,1040,2,Fixation,757,936,533,666.45,666.45,0,0
Adult8,I-VT filter,,1043,2,Fixation,757,943,533,666.91,666.91,0,0
Adult8,I-VT filter,,1046,2,Fixation,757,932,538,667.28,667.28,0,0
Adult8,I-VT filter,,1050,2,Fixation,757,936,530,666.38,666.38,0,0
Adult8,I-VT filter,,1053,2,Fixation,757,938,532,666.79,666.79,0,0
Adult8,I-VT filter,,1057,2,Fixation,757,937,539,666.95,666.95,0,0
Adult8,I-VT filter,,1060,2,Fixation,757,938,538,666.85,666.85,0,0
Adult8,I-VT filter,,1063,2,Fixation,757,938,542,667.1,667.1,0,0
Adult8,I-VT filter,,1066,2,Fixation,757,942,537,666.8,666.8,0,0
Adult8,I-VT filter,,1070,2,Fixation,757,938,541,667.59,667.59,0,0
Adult8,I-VT filter,,1073,2,Fixation,757,925,534,667.88,667.88,0,0
Adult8,I-VT filter,,1076,2,Fixation,757,940,533,668.28,668.28,0,0
Adult8,I-VT filter,,1080,2,Fixation,757,940,533,668.06,668.06,0,0
Adult8,I-VT filter,,1083,2,Fixation,757,941,533,668.3,668.3,0,0
Adult8,I-VT filter,,1086,2,Fixation,757,930,541,667.39,667.39,0,0
Adult8,I-VT filter,,1090,2,Fixation,757,940,538,667.53,667.53,0,0
Adult8,I-VT filter,,1093,2,Fixation,757,938,542,666.81,666.81,0,0
Adult8,I-VT filter,,1097,2,Fixation,757,933,538,666.81,666.81,0,0
Adult8,I-VT filter,,1100,2,Fixation,757,942,533,667.04,667.04,0,0
Adult8,I-VT filter,,1103,2,Fixation,757,931,543,666.77,666.77,0,0
Adult8,I-VT filter,,1106,2,Fixation,757,936,535,666.26,666.26,0,0
Adult8,I-VT filter,,1110,2,Fixation,757,939,536,666.78,666.78,0,0
Adult8,I-VT filter,,1113,2,Fixation,757,938,533,666.66,666.66,0,0
Adult8,I-VT filter,,1116,2,Fixation,757,937,534,666.31,666.31,0,0
Adult8,I-VT filter,,1120,2,Fixation,757,937,542,665.63,665.63,0,0
Adult8,I-VT filter,,1123,2,Fixation,757,941,544,665.51,665.51,0,0
Adult8,I-VT filter,,1127,2,Fixation,757,938,534,666.09,666.09,0,0
Adult8,I-VT filter,,1130,2,Fixation,757,929,530,665.86,665.86,0,0
Adult8,I-VT filter,,1133,2,Fixation,757,939,533,665.81,665.81,0,0
Adult8,I-VT filter,,1136,2,Fixation,757,941,532,665.74,665.74,0,0
Adult8,I-VT filter,,1140,2,Fixation,757,937,542,666.4,666.4,0,0
Adult8,I-VT filter,,1143,2,Fixation,757,937,541,666.48,666.48,0,0
Adult8,I-VT filter,,1146,2,Fixation,757,934,533,666.71,666.71,0,0
Adult8,I-VT filter,,1150,2,Fixation,757,943,532,666.72,666.72,0,0
Adult8,I-VT filter,,1153,2,Fixation,757,936,534,666.97,666.97,0,0
Adult8,I-VT filter,,1156,2,Fixation,757,934,530,666.29,666.29,0,0
Adult8,I-VT filter,,1160,2,Fixation,757,937,530,667.01,667.01,0,0
Adult8,I-VT filter,,1163,2,Fixation,757,939,533,666.81,666.81,0,0
Adult8,I-VT filter,,1167,2,Fixation,757,933,533,666.71,666.71,0,0
Adult8,I-VT filter,,1170,2,Fixation,757,939,532,666.95,666.95,0,0
Adult8,I-VT filter,,1173,2,Fixation,757,939,530,667.41,667.41,0,0
Adult8,I-VT filter,,1176,2,Fixation,757,942,532,667.23,667.23,0,0
Adult8,I-VT filter,,1180,2,Fixation,757,942,531,667.24,667.24,0,0
Adult8,I-VT filter,,1183,2,Fixation,757,937,530,667.1,667.1,0,0
Adult8,I-VT filter,,1186,2,Fixation,757,936,521,667.08,667.08,0,0
Adult8,I-VT filter,,1190,2,Fixation,757,936,536,666.98,666.98,0,0
Adult8,I-VT filter,,1193,2,Fixation,757,935,531,666.19,666.19,0,0
Adult8,I-VT filter,,1197,2,Fixation,757,937,534,666.3,666.3,0,0
Adult8,I-VT filter,,1200,2,Fixation,757,935,529,666.09,666.09,0,0
Adult8,I-VT filter,,1203,2,Fixation,757,937,533,666.78,666.78,0,0
Adult8,I-VT filter,,1206,2,Fixation,757,934,532,666.23,666.23,0,0
Adult8,I-VT filter,,1210,2,Fixation,757,936,528,667.03,667.03,0,0
Adult8,I-VT filter,,1213,2,Fixation,757,940,521,666.9,666.9,0,0
Adult8,I-VT filter,,1216,2,Fixation,757,941,523,666.67,666.67,0,0
Adult8,I-VT filter,,1220,2,Fixation,757,934,542,667.07,667.07,0,0
Adult8,I-VT filter,,1223,2,Fixation,757,941,529,666.82,666.82,0,0
Adult8,I-VT filter,,1226,2,Fixation,757,937,531,667.19,667.19,0,0
Adult8,I-VT filter,,1230,2,Fixation,757,940,530,666.43,666.43,0,0
Adult8,I-VT filter,,1233,2,Fixation,757,943,527,666.6,666.6,0,0
Adult8,I-VT filter,,1236,2,Fixation,757,944,519,666.71,666.71,0,0
Adult8,I-VT filter,,1240,2,Fixation,757,933,533,667.37,667.37,0,0
Adult8,I-VT filter,,1243,2,Fixation,757,936,532,667.49,667.49,0,0
Adult8,I-VT filter,,1246,2,Fixation,757,932,544,667.1,667.1,0,0
Adult8,I-VT filter,,1250,2,Fixation,757,928,527,667.31,667.31,0,0
Adult8,I-VT filter,,1253,2,Fixation,757,935,539,666.84,666.84,0,0
Adult8,I-VT filter,,1256,2,Fixation,757,931,535,666.1,666.1,0,0
Adult8,I-VT filter,,1260,2,Fixation,757,931,536,665.2,665.2,0,0
Adult8,I-VT filter,,1263,2,Fixation,757,932,524,665.85,665.85,0,0
Adult8,I-VT filter,,1267,2,Fixation,757,943,529,666.37,666.37,0,0
Adult8,I-VT filter,,1270,2,Fixation,757,928,532,666.18,666.18,0,0
Adult8,I-VT filter,,1273,2,Fixation,757,938,531,666.86,666.86,0,0
Adult8,I-VT filter,,1276,2,Fixation,757,934,528,666.68,666.68,0,0
Adult8,I-VT filter,,1280,2,Fixation,757,936,524,666.56,666.56,0,0
Adult8,I-VT filter,,1283,2,Fixation,757,932,529,666.9,666.9,0,0
Adult8,I-VT filter,,1286,2,Fixation,757,935,525,666.6,666.6,0,0
Adult8,I-VT filter,,1290,2,Fixation,757,932,517,666.79,666.79,0,0
Adult8,I-VT filter,,1293,2,Fixation,757,934,515,666.7,666.7,0,0
Adult8,I-VT filter,,1296,2,Fixation,757,930,521,666.11,666.11,0,0
Adult8,I-VT filter,,1300,2,Fixation,757,931,533,666.36,666.36,0,0
Adult8,I-VT filter,,1303,2,Fixation,757,929,526,666.69,666.69,0,0
Adult8,I-VT filter,,1306,2,Fixation,757,928,530,666.49,666.49,0,0
Adult8,I-VT filter,,1310,2,Fixation,757,925,514,666.4,666.4,0,0
Adult8,I-VT filter,,1313,2,Fixation,757,931,516,666.02,666.02,0,0
Adult8,I-VT filter,,1316,2,Fixation,757,927,524,666.09,666.09,0,0
Adult8,I-VT filter,,1320,2,Fixation,757,926,528,666.5,666.5,0,0
Adult8,I-VT filter,,1323,2,Fixation,757,935,519,667.4,667.4,0,0
Adult8,I-VT filter,,1326,2,Fixation,757,929,520,667.52,667.52,0,0
Adult8,I-VT filter,,1330,2,Fixation,757,926,531,668.07,668.07,0,0
Adult8,I-VT filter,,1333,2,Fixation,757,924,525,668.95,668.95,0,0
Adult8,I-VT filter,,1336,2,Fixation,757,931,526,669.92,669.92,0,0
Adult8,I-VT filter,,1340,2,Fixation,757,934,524,670.12,670.12,0,0
Adult8,I-VT filter,,1343,2,Fixation,757,936,526,669.97,669.97,0,0
Adult8,I-VT filter,,1346,2,Fixation,757,926,523,669.76,669.76,0,0
Adult8,I-VT filter,,1350,,Saccade,3,926,534,668.12,668.12,0,0
Adult8,I-VT filter,,1353,,Unclassified,17,925,529,667.26,667.26,0,0
Adult8,I-VT filter,,1356,,Unclassified,17,932,542,666.49,666.49,0,0
Adult8,I-VT filter,,1360,,Unclassified,17,933,547,665.95,665.95,0,0
Adult8,I-VT filter,,1363,,Unclassified,17,924,534,666.23,666.23,0,0
Adult8,I-VT filter,,1366,,Unclassified,17,929,535,667.13,667.13,0,0
Adult8,I-VT filter,,1370,,Saccade,7,933,540,666.63,666.63,0,0
Adult8,I-VT filter,,1373,,Saccade,7,930,541,667.48,667.48,0,0
Adult8,I-VT filter,,1376,,Unclassified,10,927,555,667.36,667.36,0,0
Adult8,I-VT filter,,1380,,Unclassified,10,923,610,666.69,666.69,0,0
Adult8,I-VT filter,,1383,,Unclassified,10,924,607,668.34,668.34,0,0
Adult8,I-VT filter,,1386,,Unclassified,153,,,,,4,4
Adult8,I-VT filter,,1390,,Unclassified,153,,,,,4,4
Adult8,I-VT filter,,1393,,Unclassified,153,,,,,4,4
Adult8,I-VT filter,,1396,,Unclassified,153,,,,,4,4
Adult8,I-VT filter,,1400,,Unclassified,153,,,,,4,4
Adult8,I-VT filter,,1403,,Unclassified,153,,,,,4,4
Adult8,I-VT filter,,1406,,Unclassified,153,,,,,4,4
Adult8,I-VT filter,,1410,,Unclassified,153,,,,,4,4
Adult8,I-VT filter,,1413,,Unclassified,153,,,,,4,4
Adult8,I-VT filter,,1416,,Unclassified,153,,,,,4,4
Adult8,I-VT filter,,1420,,Unclassified,153,,,,,4,4
Adult8,I-VT filter,,1423,,Unclassified,153,,,,,4,4
Adult8,I-VT filter,,1426,,Unclassified,153,,,,,4,4
Adult8,I-VT filter,,1430,,Unclassified,153,,,,,4,4
Adult8,I-VT filter,,1433,,Unclassified,153,,,,,4,4
Adult8,I-VT filter,,1436,,Unclassified,153,,,,,4,4
Adult8,I-VT filter,,1440,,Unclassified,153,,,,,4,4
Adult8,I-VT filter,,1443,,Unclassified,153,,,,,4,4
Adult8,I-VT filter,,1446,,Unclassified,153,,,,,4,4
Adult8,I-VT filter,,1450,,Unclassified,153,,,,,4,4
Adult8,I-VT filter,,1453,,Unclassified,153,,,,,4,4
Adult8,I-VT filter,,1456,,Unclassified,153,,,,,4,4
Adult8,I-VT filter,,1460,,Unclassified,153,,,,,4,4
Adult8,I-VT filter,,1463,,Unclassified,153,,,,,4,4
Adult8,I-VT filter,,1466,,Unclassified,153,,,,,4,4
Adult8,I-VT filter,,1470,,Unclassified,153,,,,,4,4
Adult8,I-VT filter,,1473,,Unclassified,153,,,,,4,4
Adult8,I-VT filter,,1476,,Unclassified,153,,,,,4,4
Adult8,I-VT filter,,1480,,Unclassified,153,,,,,4,4
Adult8,I-VT filter,,1483,,Unclassified,153,,,,,4,4
Adult8,I-VT filter,,1486,,Unclassified,153,,,,,4,4
Adult8,I-VT filter,,1490,,Unclassified,153,,,,,4,4
Adult8,I-VT filter,,1493,,Unclassified,153,,,,,4,4
Adult8,I-VT filter,,1496,,Unclassified,153,,,,,4,4
Adult8,I-VT filter,,1500,,Unclassified,153,,,,,4,4
Adult8,I-VT filter,,1503,,Unclassified,153,,,,,4,4
Adult8,I-VT filter,,1506,,Unclassified,153,,,,,4,4
Adult8,I-VT filter,,1510,,Unclassified,153,,,,,4,4
Adult8,I-VT filter,,1513,,Unclassified,153,,,,,4,4
Adult8,I-VT filter,,1516,,Unclassified,153,,,,,4,4
Adult8,I-VT filter,,1520,,Unclassified,153,,,,,4,4
Adult8,I-VT filter,,1523,,Unclassified,153,,,,,4,4
Adult8,I-VT filter,,1526,,Unclassified,153,,,,,4,4
Adult8,I-VT filter,,1530,,Unclassified,153,,,,,4,4
Adult8,I-VT filter,,1533,,Unclassified,153,,,,,4,4
Adult8,I-VT filter,,1536,,Unclassified,153,,,,,4,4
Adult8,I-VT filter,,1540,,Unclassified,10,1063,487,663.06,663.06,3,1
Adult8,I-VT filter,,1543,,Unclassified,10,1032,523,663.06,663.06,3,1
Adult8,I-VT filter,,1546,,Unclassified,10,1030,509,663.06,663.06,3,1
Adult8,I-VT filter,,1550,,Saccade,27,1038,497,663.06,663.06,3,1
Adult8,I-VT filter,,1553,,Saccade,27,1036,448,658.94,658.94,1,3
Adult8,I-VT filter,,1556,,Saccade,27,942,482,668.41,668.41,0,0
Adult8,I-VT filter,,1560,,Saccade,27,943,490,667.55,667.55,0,0
Adult8,I-VT filter,,1563,,Saccade,27,945,487,667.5,667.5,0,0
Adult8,I-VT filter,,1566,,Saccade,27,940,511,668.98,668.98,0,0
Adult8,I-VT filter,,1570,,Saccade,27,936,516,668.74,668.74,0,0
Adult8,I-VT filter,,1573,,Saccade,27,933,520,668.76,668.76,0,0
Adult8,I-VT filter,,1576,,Unclassified,53,934,527,668.2,668.2,0,0
Adult8,I-VT filter,,1580,,Unclassified,53,936,518,668.59,668.59,0,0
Adult8,I-VT filter,,1583,,Unclassified,53,939,520,667.7,667.7,0,0
Adult8,I-VT filter,,1586,,Unclassified,53,935,515,668.18,668.18,0,0
Adult8,I-VT filter,,1590,,Unclassified,53,944,522,668.57,668.57,0,0
Adult8,I-VT filter,,1593,,Unclassified,53,935,509,668.89,668.89,0,0
Adult8,I-VT filter,,1596,,Unclassified,53,937,511,668.46,668.46,0,0
Adult8,I-VT filter,,1600,,Unclassified,53,940,524,667.9,667.9,0,0
Adult8,I-VT filter,,1603,,Unclassified,53,937,514,667.87,667.87,0,0
Adult8,I-VT filter,,1606,,Unclassified,53,934,513,667.78,667.78,0,0
Adult8,I-VT filter,,1610,,Unclassified,53,933,526,669.11,669.11,0,0
Adult8,I-VT filter,,1613,,Unclassified,53,944,508,668.9,668.9,0,0
Adult8,I-VT filter,,1616,,Unclassified,53,938,523,668.49,668.49,0,0
Adult8,I-VT filter,,1620,,Unclassified,53,939,535,668.34,668.34,0,0
Adult8,I-VT filter,,1623,,Unclassified,53,936,518,667.76,667.76,0,0
Adult8,I-VT filter,,1626,,Unclassified,53,937,532,668.74,668.74,0,0
Adult8,I-VT filter,,1630,,Saccade,3,941,537,667.95,667.95,0,0
Adult8,I-VT filter,,1633,,Unclassified,17,944,523,668.37,668.37,0,0
Adult8,I-VT filter,,1636,,Unclassified,17,939,520,668.22,668.22,0,0
Adult8,I-VT filter,,1640,,Unclassified,17,938,509,668.29,668.29,0,0
Adult8,I-VT filter,,1643,,Unclassified,17,937,520,668.61,668.61,0,0
Adult8,I-VT filter,,1646,,Unclassified,17,944,521,668.13,668.13,0,0
Adult8,I-VT filter,,1650,,Saccade,3,945,518,668.06,668.06,0,0
Adult8,I-VT filter,,1653,3,Fixation,100,946,526,666.98,666.98,0,0
Adult8,I-VT filter,,1656,3,Fixation,100,942,521,666.42,666.42,0,0
Adult8,I-VT filter,,1660,3,Fixation,100,941,533,666.9,666.9,0,0
Adult8,I-VT filter,,1663,3,Fixation,100,941,528,668.02,668.02,0,0
Adult8,I-VT filter,,1666,3,Fixation,100,941,521,669.99,669.99,0,0
Adult8,I-VT filter,,1670,3,Fixation,100,943,515,669.25,669.25,0,0
Adult8,I-VT filter,,1673,3,Fixation,100,947,511,668.65,668.65,0,0
Adult8,I-VT filter,,1676,3,Fixation,100,944,531,668.7,668.7,0,0
Adult8,I-VT filter,,1680,3,Fixation,100,937,515,668.31,668.31,0,0
Adult8,I-VT filter,,1683,3,Fixation,100,944,529,667.83,667.83,0,0
Adult8,I-VT filter,,1686,3,Fixation,100,943,525,668.37,668.37,0,0
Adult8,I-VT filter,,1690,3,Fixation,100,943,532,668.27,668.27,0,0
Adult8,I-VT filter,,1693,3,Fixation,100,941,507,668.01,668.01,0,0
Adult8,I-VT filter,,1696,3,Fixation,100,944,522,667.53,667.53,0,0
Adult8,I-VT filter,,1700,3,Fixation,100,941,533,667.21,667.21,0,0
Adult8,I-VT filter,,1703,3,Fixation,100,940,513,666.98,666.98,0,0
Adult8,I-VT filter,,1706,3,Fixation,100,942,506,667,667,0,0
Adult8,I-VT filter,,1710,3,Fixation,100,939,517,667.37,667.37,0,0
Adult8,I-VT filter,,1713,3,Fixation,100,939,516,667.53,667.53,0,0
Adult8,I-VT filter,,1716,3,Fixation,100,944,520,667.54,667.54,0,0
Adult8,I-VT filter,,1720,3,Fixation,100,937,528,667.62,667.62,0,0
Adult8,I-VT filter,,1723,3,Fixation,100,934,508,668.26,668.26,0,0
Adult8,I-VT filter,,1726,3,Fixation,100,938,505,668.56,668.56,0,0
Adult8,I-VT filter,,1730,3,Fixation,100,934,533,668.79,668.79,0,0
Adult8,I-VT filter,,1733,3,Fixation,100,938,524,668.49,668.49,0,0
Adult8,I-VT filter,,1736,3,Fixation,100,940,527,668.52,668.52,0,0
Adult8,I-VT filter,,1740,3,Fixation,100,930,513,667.76,667.76,0,0
Adult8,I-VT filter,,1743,3,Fixation,100,937,511,667.77,667.77,0,0
Adult8,I-VT filter,,1746,3,Fixation,100,934,523,667.06,667.06,0,0
Adult8,I-VT filter,,1750,3,Fixation,100,936,525,666.84,666.84,0,0
Adult8,I-VT filter,,1753,,Saccade,3,937,540,667.52,667.52,0,0
Adult8,I-VT filter,,1756,,Unclassified,7,937,520,667.19,667.19,0,0
Adult8,I-VT filter,,1760,,Unclassified,7,929,519,667.52,667.52,0,0
Adult8,I-VT filter,,1763,,Saccade,3,940,540,667.12,667.12,0,0
Adult8,I-VT filter,,1766,,Unclassified,3,944,522,667.91,667.91,0,0
Adult8,I-VT filter,,1770,,Saccade,7,948,534,667.62,667.62,0,0
Adult8,I-VT filter,,1773,,Saccade,7,954,517,668.4,668.4,0,0
Adult8,I-VT filter,,1776,,Unclassified,3,954,505,669.02,669.02,0,0
Adult8,I-VT filter,,1780,,Saccade,3,949,494,669.73,669.73,0,0
Adult8,I-VT filter,,1783,4,Fixation,1410,949,510,668.93,668.93,0,0
Adult8,I-VT filter,,1786,4,Fixation,1410,946,506,669.45,669.45,0,0
Adult8,I-VT filter,,1790,4,Fixation,1410,951,507,669.01,669.01,0,0
Adult8,I-VT filter,,1793,4,Fixation,1410,943,509,668.71,668.71,0,0
Adult8,I-VT filter,,1796,4,Fixation,1410,950,521,668.35,668.35,0,0
Adult8,I-VT filter,,1800,4,Fixation,1410,955,514,668.36,668.36,0,0
Adult8,I-VT filter,,1803,4,Fixation,1410,947,527,668.28,668.28,0,0
Adult8,I-VT filter,,1806,4,Fixation,1410,949,521,668.18,668.18,0,0
Adult8,I-VT filter,,1810,4,Fixation,1410,939,522,668.46,668.46,0,0
Adult8,I-VT filter,,1813,4,Fixation,1410,951,518,668.41,668.41,0,0
Adult8,I-VT filter,,1816,4,Fixation,1410,948,529,667.59,667.59,0,0
Adult8,I-VT filter,,1820,4,Fixation,1410,946,518,668.4,668.4,0,0
Adult8,I-VT filter,,1823,4,Fixation,1410,957,520,668.21,668.21,0,0
Adult8,I-VT filter,,1826,4,Fixation,1410,955,519,668.22,668.22,0,0
Adult8,I-VT filter,,1830,4,Fixation,1410,951,515,668.14,668.14,0,0
Adult8,I-VT filter,,1833,4,Fixation,1410,950,529,668.19,668.19,0,0
Adult8,I-VT filter,,1836,4,Fixation,1410,954,521,668.62,668.62,0,0
Adult8,I-VT filter,,1840,4,Fixation,1410,955,531,667.97,667.97,0,0
Adult8,I-VT filter,,1843,4,Fixation,1410,943,515,667.85,667.85,0,0
Adult8,I-VT filter,,1846,4,Fixation,1410,950,525,667.79,667.79,0,0
Adult8,I-VT filter,,1850,4,Fixation,1410,953,523,668.02,668.02,0,0
Adult8,I-VT filter,,1853,4,Fixation,1410,954,527,667.43,667.43,0,0
Adult8,I-VT filter,,1856,4,Fixation,1410,954,519,667.65,667.65,0,0
Adult8,I-VT filter,,1860,4,Fixation,1410,958,526,667.94,667.94,0,0
Adult8,I-VT filter,,1863,4,Fixation,1410,953,522,668.51,668.51,0,0
Adult8,I-VT filter,,1866,4,Fixation,1410,947,532,668.29,668.29,0,0
Adult8,I-VT filter,,1870,4,Fixation,1410,949,532,668.31,668.31,0,0
Adult8,I-VT filter,,1873,4,Fixation,1410,948,522,668.13,668.13,0,0
Adult8,I-VT filter,,1876,4,Fixation,1410,955,529,668.24,668.24,0,0
Adult8,I-VT filter,,1880,4,Fixation,1410,950,527,668.98,668.98,0,0
Adult8,I-VT filter,,1883,4,Fixation,1410,952,530,668.64,668.64,0,0
Adult8,I-VT filter,,1886,4,Fixation,1410,948,525,668.35,668.35,0,0
Adult8,I-VT filter,,1890,4,Fixation,1410,951,522,668.26,668.26,0,0
Adult8,I-VT filter,,1893,4,Fixation,1410,945,525,668.44,668.44,0,0
Adult8,I-VT filter,,1896,4,Fixation,1410,950,525,668.67,668.67,0,0
Adult8,I-VT filter,,1900,4,Fixation,1410,956,528,669.3,669.3,0,0
Adult8,I-VT filter,,1903,4,Fixation,1410,951,517,669.04,669.04,0,0
Adult8,I-VT filter,,1906,4,Fixation,1410,950,526,668.99,668.99,0,0
Adult8,I-VT filter,,1910,4,Fixation,1410,959,530,668.75,668.75,0,0
Adult8,I-VT filter,,1913,4,Fixation,1410,957,527,668.34,668.34,0,0
Adult8,I-VT filter,,1916,4,Fixation,1410,954,522,669.05,669.05,0,0
Adult8,I-VT filter,,1920,4,Fixation,1410,953,533,668.79,668.79,0,0
Adult8,I-VT filter,,1923,4,Fixation,1410,950,532,668.21,668.21,0,0
Adult8,I-VT filter,,1926,4,Fixation,1410,947,530,668.57,668.57,0,0
Adult8,I-VT filter,,1930,4,Fixation,1410,954,520,668.63,668.63,0,0
Adult8,I-VT filter,,1933,4,Fixation,1410,957,528,668.7,668.7,0,0
Adult8,I-VT filter,,1936,4,Fixation,1410,952,530,668.13,668.13,0,0
Adult8,I-VT filter,,1940,4,Fixation,1410,949,528,668.09,668.09,0,0
Adult8,I-VT filter,,1943,4,Fixation,1410,959,532,667.87,667.87,0,0
Adult8,I-VT filter,,1946,4,Fixation,1410,951,536,667.29,667.29,0,0
Adult8,I-VT filter,,1950,4,Fixation,1410,957,536,667.14,667.14,0,0
Adult8,I-VT filter,,1953,4,Fixation,1410,959,532,667.58,667.58,0,0
Adult8,I-VT filter,,1956,4,Fixation,1410,958,532,667.52,667.52,0,0
Adult8,I-VT filter,,1960,4,Fixation,1410,955,524,667.44,667.44,0,0
Adult8,I-VT filter,,1963,4,Fixation,1410,961,531,668.01,668.01,0,0
Adult8,I-VT filter,,1966,4,Fixation,1410,947,532,667.42,667.42,0,0
Adult8,I-VT filter,,1970,4,Fixation,1410,955,540,667.97,667.97,0,0
Adult8,I-VT filter,,1973,4,Fixation,1410,959,527,667.71,667.71,0,0
Adult8,I-VT filter,,1976,4,Fixation,1410,961,539,667.8,667.8,0,0
Adult8,I-VT filter,,1980,4,Fixation,1410,954,536,667.89,667.89,0,0
Adult8,I-VT filter,,1983,4,Fixation,1410,954,530,667.06,667.06,0,0
Adult8,I-VT filter,,1986,4,Fixation,1410,961,529,667.41,667.41,0,0
Adult8,I-VT filter,,1990,4,Fixation,1410,955,539,667.1,667.1,0,0
Adult8,I-VT filter,,1993,4,Fixation,1410,961,528,667.78,667.78,0,0
Adult8,I-VT filter,,1996,4,Fixation,1410,961,535,667.71,667.71,0,0
Adult8,I-VT filter,,2000,4,Fixation,1410,950,535,667.53,667.53,0,0
Adult8,I-VT filter,,2003,4,Fixation,1410,953,539,667.71,667.71,0,0
Adult8,I-VT filter,,2006,4,Fixation,1410,952,536,667.84,667.84,0,0
Adult8,I-VT filter,,2010,4,Fixation,1410,955,535,668.38,668.38,0,0
Adult8,I-VT filter,,2013,4,Fixation,1410,963,529,668.61,668.61,0,0
Adult8,I-VT filter,,2016,4,Fixation,1410,955,536,668.13,668.13,0,0
Adult8,I-VT filter,,2020,4,Fixation,1410,947,537,667.74,667.74,0,0
Adult8,I-VT filter,,2023,4,Fixation,1410,959,542,667.34,667.34,0,0
Adult8,I-VT filter,,2026,4,Fixation,1410,955,538,668.06,668.06,0,0
Adult8,I-VT filter,,2030,4,Fixation,1410,955,534,668.63,668.63,0,0
Adult8,I-VT filter,,2033,4,Fixation,1410,957,540,668.32,668.32,0,0
Adult8,I-VT filter,,2036,4,Fixation,1410,958,540,668.76,668.76,0,0
Adult8,I-VT filter,,2040,4,Fixation,1410,957,542,668.46,668.46,0,0
Adult8,I-VT filter,,2043,4,Fixation,1410,959,533,667.87,667.87,0,0
Adult8,I-VT filter,,2046,4,Fixation,1410,956,536,668.55,668.55,0,0
Adult8,I-VT filter,,2050,4,Fixation,1410,954,543,668.39,668.39,0,0
Adult8,I-VT filter,,2053,4,Fixation,1410,958,538,668.04,668.04,0,0
Adult8,I-VT filter,,2056,4,Fixation,1410,958,537,668.58,668.58,0,0
Adult8,I-VT filter,,2060,4,Fixation,1410,954,537,668.1,668.1,0,0
Adult8,I-VT filter,,2063,4,Fixation,1410,950,539,668.09,668.09,0,0
Adult8,I-VT filter,,2066,4,Fixation,1410,949,542,668.54,668.54,0,0
Adult8,I-VT filter,,2070,4,Fixation,1410,943,544,668,668,0,0
Adult8,I-VT filter,,2073,4,Fixation,1410,942,550,667.62,667.62,0,0
Adult8,I-VT filter,,2076,4,Fixation,1410,950,549,667.36,667.36,0,0
Adult8,I-VT filter,,2080,4,Fixation,1410,955,549,666.05,666.05,0,0
Adult8,I-VT filter,,2083,4,Fixation,1410,945,552,665.98,665.98,0,0
Adult8,I-VT filter,,2086,4,Fixation,1410,954,547,665.75,665.75,0,0
Adult8,I-VT filter,,2090,4,Fixation,1410,947,554,666.17,666.17,0,0
Adult8,I-VT filter,,2093,4,Fixation,1410,949,546,666.58,666.58,0,0
Adult8,I-VT filter,,2096,4,Fixation,1410,948,548,666.92,666.92,0,0
Adult8,I-VT filter,,2100,4,Fixation,1410,951,542,666.88,666.88,0,0
Adult8,I-VT filter,,2103,4,Fixation,1410,951,547,666.77,666.77,0,0
Adult8,I-VT filter,,2106,4,Fixation,1410,947,542,666.52,666.52,0,0
Adult8,I-VT filter,,2110,4,Fixation,1410,945,545,666.4,666.4,0,0
Adult8,I-VT filter,,2113,4,Fixation,1410,945,553,666.23,666.23,0,0
Adult8,I-VT filter,,2116,4,Fixation,1410,947,557,666.55,666.55,0,0
Adult8,I-VT filter,,2120,4,Fixation,1410,955,550,667.29,667.29,0,0
Adult8,I-VT filter,,2123,4,Fixation,1410,950,554,667.15,667.15,0,0
Adult8,I-VT filter,,2126,4,Fixation,1410,953,545,666.98,666.98,0,0
Adult8,I-VT filter,,2130,4,Fixation,1410,949,551,667.53,667.53,0,0
Adult8,I-VT filter,,2133,4,Fixation,1410,945,545,667.84,667.84,0,0
Adult8,I-VT filter,,2136,4,Fixation,1410,951,549,667.74,667.74,0,0
Adult8,I-VT filter,,2140,4,Fixation,1410,953,549,667.42,667.42,0,0
Adult8,I-VT filter,,2143,4,Fixation,1410,949,547,667.57,667.57,0,0
Adult8,I-VT filter,,2146,4,Fixation,1410,951,545,667.56,667.56,0,0
Adult8,I-VT filter,,2150,4,Fixation,1410,949,541,667.46,667.46,0,0
Adult8,I-VT filter,,2153,4,Fixation,1410,953,548,667.71,667.71,0,0
Adult8,I-VT filter,,2156,4,Fixation,1410,948,550,667.34,667.34,0,0
Adult8,I-VT filter,,2160,4,Fixation,1410,955,547,667.25,667.25,0,0
Adult8,I-VT filter,,2163,4,Fixation,1410,943,550,668.03,668.03,0,0
Adult8,I-VT filter,,2166,4,Fixation,1410,953,547,667.07,667.07,0,0
Adult8,I-VT filter,,2170,4,Fixation,1410,947,553,667.47,667.47,0,0
Adult8,I-VT filter,,2173,4,Fixation,1410,953,547,665.92,665.92,0,0
Adult8,I-VT filter,,2176,4,Fixation,1410,949,544,666.1,666.1,0,0
Adult8,I-VT filter,,2180,4,Fixation,1410,952,550,665.94,665.94,0,0
Adult8,I-VT filter,,2183,4,Fixation,1410,951,548,666.13,666.13,0,0
Adult8,I-VT filter,,2186,4,Fixation,1410,948,550,665.6,665.6,0,0
Adult8,I-VT filter,,2190,4,Fixation,1410,951,552,666.04,666.04,0,0
Adult8,I-VT filter,,2193,4,Fixation,1410,950,549,665.53,665.53,0,0
Adult8,I-VT filter,,2196,4,Fixation,1410,950,551,665.68,665.68,0,0
Adult8,I-VT filter,,2200,4,Fixation,1410,952,546,665.52,665.52,0,0
Adult8,I-VT filter,,2203,4,Fixation,1410,947,552,665.22,665.22,0,0
Adult8,I-VT filter,,2206,4,Fixation,1410,951,551,665.31,665.31,0,0
Adult8,I-VT filter,,2210,4,Fixation,1410,951,557,665.8,665.8,0,0
Adult8,I-VT filter,,2213,4,Fixation,1410,953,550,665.46,665.46,0,0
Adult8,I-VT filter,,2216,4,Fixation,1410,951,553,666.07,666.07,0,0
Adult8,I-VT filter,,2220,4,Fixation,1410,951,556,665.58,665.58,0,0
Adult8,I-VT filter,,2223,4,Fixation,1410,955,556,665.51,665.51,0,0
Adult8,I-VT filter,,2226,4,Fixation,1410,955,553,665.1,665.1,0,0
Adult8,I-VT filter,,2230,4,Fixation,1410,949,560,664.76,664.76,0,0
Adult8,I-VT filter,,2233,4,Fixation,1410,952,553,665.75,665.75,0,0
Adult8,I-VT filter,,2236,4,Fixation,1410,953,559,665.28,665.28,0,0
Adult8,I-VT filter,,2240,4,Fixation,1410,950,558,665.42,665.42,0,0
Adult8,I-VT filter,,2243,4,Fixation,1410,954,557,665.61,665.61,0,0
Adult8,I-VT filter,,2246,4,Fixation,1410,951,556,665.5,665.5,0,0
Adult8,I-VT filter,,2250,4,Fixation,1410,952,562,665.9,665.9,0,0
Adult8,I-VT filter,,2253,4,Fixation,1410,948,551,666.05,666.05,0,0
Adult8,I-VT filter,,2256,4,Fixation,1410,955,554,665.6,665.6,0,0
Adult8,I-VT filter,,2260,4,Fixation,1410,954,553,665.48,665.48,0,0
Adult8,I-VT filter,,2263,4,Fixation,1410,953,554,666.48,666.48,0,0
Adult8,I-VT filter,,2266,4,Fixation,1410,944,553,665.97,665.97,0,0
Adult8,I-VT filter,,2270,4,Fixation,1410,947,554,666.2,666.2,0,0
Adult8,I-VT filter,,2273,4,Fixation,1410,953,553,666.21,666.21,0,0
Adult8,I-VT filter,,2276,4,Fixation,1410,954,555,666.09,666.09,0,0
Adult8,I-VT filter,,2280,4,Fixation,1410,953,560,666.01,666.01,0,0
Adult8,I-VT filter,,2283,4,Fixation,1410,948,553,665.57,665.57,0,0
Adult8,I-VT filter,,2286,4,Fixation,1410,959,555,665.29,665.29,0,0
Adult8,I-VT filter,,2290,4,Fixation,1410,952,546,666.05,666.05,0,0
Adult8,I-VT filter,,2293,4,Fixation,1410,952,557,666.35,666.35,0,0
Adult8,I-VT filter,,2296,4,Fixation,1410,950,552,666.45,666.45,0,0
Adult8,I-VT filter,,2300,4,Fixation,1410,957,560,665.92,665.92,0,0
Adult8,I-VT filter,,2303,4,Fixation,1410,949,550,666.29,666.29,0,0
Adult8,I-VT filter,,2306,4,Fixation,1410,952,554,665.67,665.67,0,0
Adult8,I-VT filter,,2310,4,Fixation,1410,956,553,666.16,666.16,0,0
Adult8,I-VT filter,,2313,4,Fixation,1410,949,545,665.83,665.83,0,0
Adult8,I-VT filter,,2316,4,Fixation,1410,956,556,666.19,666.19,0,0
Adult8,I-VT filter,,2320,4,Fixation,1410,953,554,666.08,666.08,0,0
Adult8,I-VT filter,,2323,4,Fixation,1410,954,560,666.1,666.1,0,0
Adult8,I-VT filter,,2326,4,Fixation,1410,954,557,666.49,666.49,0,0
Adult8,I-VT filter,,2330,4,Fixation,1410,954,553,666.56,666.56,0,0
Adult8,I-VT filter,,2333,4,Fixation,1410,951,555,666.14,666.14,0,0
Adult8,I-VT filter,,2336,4,Fixation,1410,949,551,665.74,665.74,0,0
Adult8,I-VT filter,,2340,4,Fixation,1410,955,566,665.64,665.64,0,0
Adult8,I-VT filter,,2343,4,Fixation,1410,950,557,666.47,666.47,0,0
Adult8,I-VT filter,,2346,4,Fixation,1410,949,556,666.29,666.29,0,0
Adult8,I-VT filter,,2350,4,Fixation,1410,950,546,666.35,666.35,0,0
Adult8,I-VT filter,,2353,4,Fixation,1410,949,559,665.88,665.88,0,0
Adult8,I-VT filter,,2356,4,Fixation,1410,954,556,665.94,665.94,0,0
Adult8,I-VT filter,,2360,4,Fixation,1410,950,558,666.38,666.38,0,0
Adult8,I-VT filter,,2363,4,Fixation,1410,954,553,666.57,666.57,0,0
Adult8,I-VT filter,,2366,4,Fixation,1410,952,562,666.31,666.31,0,0
Adult8,I-VT filter,,2370,4,Fixation,1410,955,555,666.05,666.05,0,0
Adult8,I-VT filter,,2373,4,Fixation,1410,948,556,665.79,665.79,0,0
Adult8,I-VT filter,,2376,4,Fixation,1410,953,560,666.22,666.22,0,0
Adult8,I-VT filter,,2380,4,Fixation,1410,950,558,666.06,666.06,0,0
Adult8,I-VT filter,,2383,4,Fixation,1410,945,561,665.76,665.76,0,0
Adult8,I-VT filter,,2386,4,Fixation,1410,954,555,665.37,665.37,0,0
Adult8,I-VT filter,,2390,4,Fixation,1410,952,554,665.9,665.9,0,0
Adult8,I-VT filter,,2393,4,Fixation,1410,951,560,665.99,665.99,0,0
Adult8,I-VT filter,,2396,4,Fixation,1410,957,555,665.22,665.22,0,0
Adult8,I-VT filter,,2400,4,Fixation,1410,953,556,664.96,664.96,0,0
Adult8,I-VT filter,,2403,4,Fixation,1410,954,551,665.42,665.42,0,0
Adult8,I-VT filter,,2406,4,Fixation,1410,956,559,665.7,665.7,0,0
Adult8,I-VT filter,,2410,4,Fixation,1410,958,558,665.54,665.54,0,0
Adult8,I-VT filter,,2413,4,Fixation,1410,948,557,665.26,665.26,0,0
Adult8,I-VT filter,,2416,4,Fixation,1410,950,561,665.41,665.41,0,0
Adult8,I-VT filter,,2420,4,Fixation,1410,944,561,665.63,665.63,0,0
Adult8,I-VT filter,,2423,4,Fixation,1410,953,552,665.22,665.22,0,0
Adult8,I-VT filter,,2426,4,Fixation,1410,957,557,665.27,665.27,0,0
Adult8,I-VT filter,,2430,4,Fixation,1410,954,559,665.34,665.34,0,0
Adult8,I-VT filter,,2433,4,Fixation,1410,953,555,665.45,665.45,0,0
Adult8,I-VT filter,,2436,4,Fixation,1410,954,548,665.82,665.82,0,0
Adult8,I-VT filter,,2440,4,Fixation,1410,956,546,665.68,665.68,0,0
Adult8,I-VT filter,,2443,4,Fixation,1410,951,557,665.84,665.84,0,0
Adult8,I-VT filter,,2446,4,Fixation,1410,954,554,665.93,665.93,0,0
Adult8,I-VT filter,,2450,4,Fixation,1410,952,556,665.96,665.96,0,0
Adult8,I-VT filter,,2453,4,Fixation,1410,955,557,665.44,665.44,0,0
Adult8,I-VT filter,,2456,4,Fixation,1410,949,556,665.51,665.51,0,0
Adult8,I-VT filter,,2460,4,Fixation,1410,954,554,665.62,665.62,0,0
Adult8,I-VT filter,,2463,4,Fixation,1410,951,561,664.81,664.81,0,0
Adult8,I-VT filter,,2466,4,Fixation,1410,960,554,665.68,665.68,0,0
Adult8,I-VT filter,,2470,4,Fixation,1410,952,554,665.67,665.67,0,0
Adult8,I-VT filter,,2473,4,Fixation,1410,950,555,665.75,665.75,0,0
Adult8,I-VT filter,,2476,4,Fixation,1410,953,551,665.88,665.88,0,0
Adult8,I-VT filter,,2480,4,Fixation,1410,949,558,666.22,666.22,0,0
Adult8,I-VT filter,,2483,4,Fixation,1410,956,554,666.3,666.3,0,0
Adult8,I-VT filter,,2486,4,Fixation,1410,956,554,665.62,665.62,0,0
Adult8,I-VT filter,,2490,4,Fixation,1410,948,556,666.51,666.51,0,0
Adult8,I-VT filter,,2493,4,Fixation,1410,948,558,666.53,666.53,0,0
Adult8,I-VT filter,,2496,4,Fixation,1410,953,556,666.42,666.42,0,0
Adult8,I-VT filter,,2500,4,Fixation,1410,953,553,666.3,666.3,0,0
Adult8,I-VT filter,,2503,4,Fixation,1410,955,547,666.6,666.6,0,0
Adult8,I-VT filter,,2506,4,Fixation,1410,952,550,666.14,666.14,0,0
Adult8,I-VT filter,,2510,4,Fixation,1410,945,559,665.92,665.92,0,0
Adult8,I-VT filter,,2513,4,Fixation,1410,947,557,666.16,666.16,0,0
Adult8,I-VT filter,,2516,4,Fixation,1410,951,558,666.16,666.16,0,0
Adult8,I-VT filter,,2520,4,Fixation,1410,950,550,666.17,666.17,0,0
Adult8,I-VT filter,,2523,4,Fixation,1410,950,552,666.33,666.33,0,0
Adult8,I-VT filter,,2526,4,Fixation,1410,949,555,666.63,666.63,0,0
Adult8,I-VT filter,,2530,4,Fixation,1410,947,551,666.54,666.54,0,0
Adult8,I-VT filter,,2533,4,Fixation,1410,957,552,666.48,666.48,0,0
Adult8,I-VT filter,,2536,4,Fixation,1410,950,551,666.24,666.24,0,0
Adult8,I-VT filter,,2540,4,Fixation,1410,947,557,666.05,666.05,0,0
Adult8,I-VT filter,,2543,4,Fixation,1410,954,564,665.97,665.97,0,0
Adult8,I-VT filter,,2546,4,Fixation,1410,951,558,666.28,666.28,0,0
Adult8,I-VT filter,,2550,4,Fixation,1410,949,554,666.23,666.23,0,0
Adult8,I-VT filter,,2553,4,Fixation,1410,952,557,665.71,665.71,0,0
Adult8,I-VT filter,,2556,4,Fixation,1410,954,550,665.47,665.47,0,0
Adult8,I-VT filter,,2560,4,Fixation,1410,948,549,665.5,665.5,0,0
Adult8,I-VT filter,,2563,4,Fixation,1410,947,553,665.51,665.51,0,0
Adult8,I-VT filter,,2566,4,Fixation,1410,959,556,665.41,665.41,0,0
Adult8,I-VT filter,,2570,4,Fixation,1410,949,548,665.37,665.37,0,0
Adult8,I-VT filter,,2573,4,Fixation,1410,954,555,665.58,665.58,0,0
Adult8,I-VT filter,,2576,4,Fixation,1410,956,559,665.44,665.44,0,0
Adult8,I-VT filter,,2580,4,Fixation,1410,948,560,665.18,665.18,0,0
Adult8,I-VT filter,,2583,4,Fixation,1410,950,554,665,665,0,0
Adult8,I-VT filter,,2586,4,Fixation,1410,952,555,665.22,665.22,0,0
Adult8,I-VT filter,,2590,4,Fixation,1410,950,558,665.31,665.31,0,0
Adult8,I-VT filter,,2593,4,Fixation,1410,950,559,665.34,665.34,0,0
Adult8,I-VT filter,,2596,4,Fixation,1410,952,547,665.35,665.35,0,0
Adult8,I-VT filter,,2600,4,Fixation,1410,950,550,665.33,665.33,0,0
Adult8,I-VT filter,,2603,4,Fixation,1410,948,553,665.42,665.42,0,0
Adult8,I-VT filter,,2606,4,Fixation,1410,951,551,665.78,665.78,0,0
Adult8,I-VT filter,,2610,4,Fixation,1410,952,559,665.39,665.39,0,0
Adult8,I-VT filter,,2613,4,Fixation,1410,949,546,665.21,665.21,0,0
Adult8,I-VT filter,,2616,4,Fixation,1410,952,560,665.17,665.17,0,0
Adult8,I-VT filter,,2620,4,Fixation,1410,947,555,665.39,665.39,0,0
Adult8,I-VT filter,,2623,4,Fixation,1410,955,553,665.76,665.76,0,0
Adult8,I-VT filter,,2626,4,Fixation,1410,951,555,665.58,665.58,0,0
Adult8,I-VT filter,,2630,4,Fixation,1410,955,557,665.8,665.8,0,0
Adult8,I-VT filter,,2633,4,Fixation,1410,947,550,665.47,665.47,0,0
Adult8,I-VT filter,,2636,4,Fixation,1410,953,561,665.55,665.55,0,0
Adult8,I-VT filter,,2640,4,Fixation,1410,964,547,666.19,666.19,0,0
Adult8,I-VT filter,,2643,4,Fixation,1410,952,559,665.74,665.74,0,0
Adult8,I-VT filter,,2646,4,Fixation,1410,952,554,666.25,666.25,0,0
Adult8,I-VT filter,,2650,4,Fixation,1410,954,549,666.12,666.12,0,0
Adult8,I-VT filter,,2653,4,Fixation,1410,952,543,666.06,666.06,0,0
Adult8,I-VT filter,,2656,4,Fixation,1410,948,548,666.58,666.58,0,0
Adult8,I-VT filter,,2660,4,Fixation,1410,951,551,666.2,666.2,0,0
Adult8,I-VT filter,,2663,4,Fixation,1410,950,554,666.13,666.13,0,0
Adult8,I-VT filter,,2666,4,Fixation,1410,948,556,665.98,665.98,0,0
Adult8,I-VT filter,,2670,4,Fixation,1410,954,559,666,666,0,0
Adult8,I-VT filter,,2673,4,Fixation,1410,952,554,666.78,666.78,0,0
Adult8,I-VT filter,,2676,4,Fixation,1410,957,558,666.3,666.3,0,0
Adult8,I-VT filter,,2680,4,Fixation,1410,948,557,666.48,666.48,0,0
Adult8,I-VT filter,,2683,4,Fixation,1410,947,559,666.28,666.28,0,0
Adult8,I-VT filter,,2686,4,Fixation,1410,954,551,666.29,666.29,0,0
Adult8,I-VT filter,,2690,4,Fixation,1410,952,554,666.05,666.05,0,0
Adult8,I-VT filter,,2693,4,Fixation,1410,948,544,666.31,666.31,0,0
Adult8,I-VT filter,,2696,4,Fixation,1410,948,551,666.37,666.37,0,0
Adult8,I-VT filter,,2700,4,Fixation,1410,954,557,666.56,666.56,0,0
Adult8,I-VT filter,,2703,4,Fixation,1410,952,559,666.43,666.43,0,0
Adult8,I-VT filter,,2706,4,Fixation,1410,952,549,666.36,666.36,0,0
Adult8,I-VT filter,,2710,4,Fixation,1410,948,556,665.87,665.87,0,0
Adult8,I-VT filter,,2713,4,Fixation,1410,943,547,666.04,666.04,0,0
Adult8,I-VT filter,,2716,4,Fixation,1410,946,546,665.75,665.75,0,0
Adult8,I-VT filter,,2720,4,Fixation,1410,951,554,665.82,665.82,0,0
Adult8,I-VT filter,,2723,4,Fixation,1410,951,563,666.5,666.5,0,0
Adult8,I-VT filter,,2726,4,Fixation,1410,949,555,665.84,665.84,0,0
Adult8,I-VT filter,,2730,4,Fixation,1410,952,569,665.52,665.52,0,0
Adult8,I-VT filter,,2733,4,Fixation,1410,947,558,666.69,666.69,0,0
Adult8,I-VT filter,,2736,4,Fixation,1410,956,559,666.29,666.29,0,0
Adult8,I-VT filter,,2740,4,Fixation,1410,949,551,666.31,666.31,0,0
Adult8,I-VT filter,,2743,4,Fixation,1410,948,557,666.16,666.16,0,0
Adult8,I-VT filter,,2746,4,Fixation,1410,955,552,666.17,666.17,0,0
Adult8,I-VT filter,,2750,4,Fixation,1410,947,558,666.64,666.64,0,0
Adult8,I-VT filter,,2753,4,Fixation,1410,945,558,666.91,666.91,0,0
Adult8,I-VT filter,,2756,4,Fixation,1410,949,559,666.87,666.87,0,0
Adult8,I-VT filter,,2760,4,Fixation,1410,944,554,666.96,666.96,0,0
Adult8,I-VT filter,,2763,4,Fixation,1410,951,562,666.53,666.53,0,0
Adult8,I-VT filter,,2766,4,Fixation,1410,956,565,666.8,666.8,0,0
Adult8,I-VT filter,,2770,4,Fixation,1410,949,567,666.79,666.79,0,0
Adult8,I-VT filter,,2773,4,Fixation,1410,946,550,666.94,666.94,0,0
Adult8,I-VT filter,,2776,4,Fixation,1410,949,549,667.03,667.03,0,0
Adult8,I-VT filter,,2780,4,Fixation,1410,956,558,667.3,667.3,0,0
Adult8,I-VT filter,,2783,4,Fixation,1410,946,568,666.46,666.46,0,0
Adult8,I-VT filter,,2786,4,Fixation,1410,952,553,666.86,666.86,0,0
Adult8,I-VT filter,,2790,4,Fixation,1410,954,548,667.53,667.53,0,0
Adult8,I-VT filter,,2793,4,Fixation,1410,953,567,667.31,667.31,0,0
Adult8,I-VT filter,,2796,4,Fixation,1410,954,569,667.27,667.27,0,0
Adult8,I-VT filter,,2800,4,Fixation,1410,953,549,667.5,667.5,0,0
Adult8,I-VT filter,,2803,4,Fixation,1410,956,557,667.19,667.19,0,0
Adult8,I-VT filter,,2806,4,Fixation,1410,950,553,667.71,667.71,0,0
Adult8,I-VT filter,,2810,4,Fixation,1410,953,565,666.61,666.61,0,0
Adult8,I-VT filter,,2813,4,Fixation,1410,949,555,667.32,667.32,0,0
Adult8,I-VT filter,,2816,4,Fixation,1410,950,556,667.86,667.86,0,0
Adult8,I-VT filter,,2820,4,Fixation,1410,950,555,667.6,667.6,0,0
Adult8,I-VT filter,,2823,4,Fixation,1410,952,558,667.06,667.06,0,0
Adult8,I-VT filter,,2826,4,Fixation,1410,952,560,666.3,666.3,0,0
Adult8,I-VT filter,,2829,4,Fixation,1410,957,555,666.98,666.98,0,0
Adult8,I-VT filter,,2833,4,Fixation,1410,959,561,666.85,666.85,0,0
Adult8,I-VT filter,,2836,4,Fixation,1410,957,557,666.79,666.79,0,0
Adult8,I-VT filter,,2840,4,Fixation,1410,949,559,666.08,666.08,0,0
Adult8,I-VT filter,,2843,4,Fixation,1410,949,556,666.59,666.59,0,0
Adult8,I-VT filter,,2846,4,Fixation,1410,947,561,665.89,665.89,0,0
Adult8,I-VT filter,,2850,4,Fixation,1410,947,556,665.81,665.81,0,0
Adult8,I-VT filter,,2853,4,Fixation,1410,948,554,665.96,665.96,0,0
Adult8,I-VT filter,,2856,4,Fixation,1410,947,561,665.63,665.63,0,0
Adult8,I-VT filter,,2859,4,Fixation,1410,952,562,665.46,665.46,0,0
Adult8,I-VT filter,,2863,4,Fixation,1410,950,553,666.25,666.25,0,0
Adult8,I-VT filter,,2866,4,Fixation,1410,955,557,665.59,665.59,0,0
Adult8,I-VT filter,,2870,4,Fixation,1410,956,570,665.79,665.79,0,0
Adult8,I-VT filter,,2873,4,Fixation,1410,947,560,666.11,666.11,0,0
Adult8,I-VT filter,,2876,4,Fixation,1410,947,554,666.17,666.17,0,0
Adult8,I-VT filter,,2880,4,Fixation,1410,953,559,665.92,665.92,0,0
Adult8,I-VT filter,,2883,4,Fixation,1410,951,557,665.85,665.85,0,0
Adult8,I-VT filter,,2886,4,Fixation,1410,959,562,666.15,666.15,0,0
Adult8,I-VT filter,,2890,4,Fixation,1410,948,558,666.37,666.37,0,0
Adult8,I-VT filter,,2893,4,Fixation,1410,949,557,666.52,666.52,0,0
Adult8,I-VT filter,,2896,4,Fixation,1410,953,566,666.21,666.21,0,0
Adult8,I-VT filter,,2900,4,Fixation,1410,955,558,666.33,666.33,0,0
Adult8,I-VT filter,,2903,4,Fixation,1410,946,563,666.44,666.44,0,0
Adult8,I-VT filter,,2906,4,Fixation,1410,951,560,666.47,666.47,0,0
Adult8,I-VT filter,,2910,4,Fixation,1410,944,560,666.78,666.78,0,0
Adult8,I-VT filter,,2913,4,Fixation,1410,949,561,667.25,667.25,0,0
Adult8,I-VT filter,,2916,4,Fixation,1410,948,560,666.75,666.75,0,0
Adult8,I-VT filter,,2920,4,Fixation,1410,949,556,666.9,666.9,0,0
Adult8,I-VT filter,,2923,4,Fixation,1410,947,559,666.82,666.82,0,0
Adult8,I-VT filter,,2926,4,Fixation,1410,956,559,666.8,666.8,0,0
Adult8,I-VT filter,,2929,4,Fixation,1410,944,563,666.99,666.99,0,0
Adult8,I-VT filter,,2933,4,Fixation,1410,948,559,666.87,666.87,0,0
Adult8,I-VT filter,,2936,4,Fixation,1410,948,559,666.87,666.87,0,0
Adult8,I-VT filter,,2940,4,Fixation,1410,951,554,666.86,666.86,0,0
Adult8,I-VT filter,,2943,4,Fixation,1410,948,559,666.77,666.77,0,0
Adult8,I-VT filter,,2946,4,Fixation,1410,948,562,666.67,666.67,0,0
Adult8,I-VT filter,,2950,4,Fixation,1410,946,563,666.81,666.81,0,0
Adult8,I-VT filter,,2953,4,Fixation,1410,947,560,666.74,666.74,0,0
Adult8,I-VT filter,,2956,4,Fixation,1410,952,562,667.66,667.66,0,0
Adult8,I-VT filter,,2960,4,Fixation,1410,950,562,667.87,667.87,0,0
Adult8,I-VT filter,,2963,4,Fixation,1410,949,562,667.17,667.17,0,0
Adult8,I-VT filter,,2966,4,Fixation,1410,945,555,667.79,667.79,0,0
Adult8,I-VT filter,,2969,4,Fixation,1410,950,560,667.2,667.2,0,0
Adult8,I-VT filter,,2973,4,Fixation,1410,956,556,667.22,667.22,0,0
Adult8,I-VT filter,,2976,4,Fixation,1410,954,559,666.7,666.7,0,0
Adult8,I-VT filter,,2980,4,Fixation,1410,949,559,666.97,666.97,0,0
Adult8,I-VT filter,,2983,4,Fixation,1410,942,555,667.11,667.11,0,0
Adult8,I-VT filter,,2986,4,Fixation,1410,945,553,666.75,666.75,0,0
Adult8,I-VT filter,,2990,4,Fixation,1410,947,558,666.75,666.75,0,0
Adult8,I-VT filter,,2993,4,Fixation,1410,949,552,666.86,666.86,0,0
Adult8,I-VT filter,,2996,4,Fixation,1410,946,547,667.21,667.21,0,0
Adult8,I-VT filter,,3000,4,Fixation,1410,943,558,666.76,666.76,0,0
Adult8,I-VT filter,,3003,4,Fixation,1410,951,557,666.95,666.95,0,0
Adult8,I-VT filter,,3006,4,Fixation,1410,953,551,667.16,667.16,0,0
Adult8,I-VT filter,,3010,4,Fixation,1410,950,561,667.11,667.11,0,0
Adult8,I-VT filter,,3013,4,Fixation,1410,940,552,666.81,666.81,0,0
Adult8,I-VT filter,,3016,4,Fixation,1410,953,562,667.34,667.34,0,0
Adult8,I-VT filter,,3020,4,Fixation,1410,950,562,667.3,667.3,0,0
Adult8,I-VT filter,,3023,4,Fixation,1410,954,552,667.12,667.12,0,0
Adult8,I-VT filter,,3026,4,Fixation,1410,951,557,667.11,667.11,0,0
Adult8,I-VT filter,,3029,4,Fixation,1410,949,561,666.91,666.91,0,0
Adult8,I-VT filter,,3033,4,Fixation,1410,949,559,666.96,666.96,0,0
Adult8,I-VT filter,,3036,4,Fixation,1410,951,553,666.67,666.67,0,0
Adult8,I-VT filter,,3040,4,Fixation,1410,945,559,666.74,666.74,0,0
Adult8,I-VT filter,,3043,4,Fixation,1410,953,564,667.24,667.24,0,0
Adult8,I-VT filter,,3046,4,Fixation,1410,948,555,666.58,666.58,0,0
Adult8,I-VT filter,,3050,4,Fixation,1410,945,555,666.66,666.66,0,0
Adult8,I-VT filter,,3053,4,Fixation,1410,955,563,666.52,666.52,0,0
Adult8,I-VT filter,,3056,4,Fixation,1410,951,558,666.8,666.8,0,0
Adult8,I-VT filter,,3059,4,Fixation,1410,948,552,666.62,666.62,0,0
Adult8,I-VT filter,,3063,4,Fixation,1410,950,551,666.62,666.62,0,0
Adult8,I-VT filter,,3066,4,Fixation,1410,941,565,667.2,667.2,0,0
Adult8,I-VT filter,,3069,4,Fixation,1410,948,555,666.88,666.88,0,0
Adult8,I-VT filter,,3073,4,Fixation,1410,948,559,666.33,666.33,0,0
Adult8,I-VT filter,,3076,4,Fixation,1410,949,558,666.68,666.68,0,0
Adult8,I-VT filter,,3080,4,Fixation,1410,945,561,666.6,666.6,0,0
Adult8,I-VT filter,,3083,4,Fixation,1410,944,559,666.4,666.4,0,0
Adult8,I-VT filter,,3086,4,Fixation,1410,947,560,666.37,666.37,0,0
Adult8,I-VT filter,,3089,4,Fixation,1410,948,565,667.35,667.35,0,0
Adult8,I-VT filter,,3093,4,Fixation,1410,950,555,666.91,666.91,0,0
Adult8,I-VT filter,,3096,4,Fixation,1410,945,559,666.49,666.49,0,0
Adult8,I-VT filter,,3099,4,Fixation,1410,955,559,666.8,666.8,0,0
Adult8,I-VT filter,,3103,4,Fixation,1410,953,562,666.7,666.7,0,0
Adult8,I-VT filter,,3106,4,Fixation,1410,947,554,667.27,667.27,0,0
Adult8,I-VT filter,,3110,4,Fixation,1410,947,562,667.2,667.2,0,0
Adult8,I-VT filter,,3113,4,Fixation,1410,946,555,666.97,666.97,0,0
Adult8,I-VT filter,,3116,4,Fixation,1410,946,564,667.11,667.11,0,0
Adult8,I-VT filter,,3120,4,Fixation,1410,953,564,666.53,666.53,0,0
Adult8,I-VT filter,,3123,4,Fixation,1410,954,565,667.38,667.38,0,0
Adult8,I-VT filter,,3126,4,Fixation,1410,948,553,666.87,666.87,0,0
Adult8,I-VT filter,,3129,4,Fixation,1410,952,555,666.63,666.63,0,0
Adult8,I-VT filter,,3133,4,Fixation,1410,944,551,666.68,666.68,0,0
Adult8,I-VT filter,,3136,4,Fixation,1410,941,554,666.23,666.23,0,0
Adult8,I-VT filter,,3139,4,Fixation,1410,947,559,666.63,666.63,0,0
Adult8,I-VT filter,,3143,4,Fixation,1410,957,565,667.1,667.1,0,0
Adult8,I-VT filter,,3146,4,Fixation,1410,953,554,666.71,666.71,0,0
Adult8,I-VT filter,,3150,4,Fixation,1410,952,556,666.8,666.8,0,0
Adult8,I-VT filter,,3153,4,Fixation,1410,953,550,666.7,666.7,0,0
Adult8,I-VT filter,,3156,4,Fixation,1410,954,565,667.43,667.43,0,0
Adult8,I-VT filter,,3159,4,Fixation,1410,957,557,667.06,667.06,0,0
Adult8,I-VT filter,,3163,4,Fixation,1410,946,551,667.88,667.88,0,0
Adult8,I-VT filter,,3166,4,Fixation,1410,947,559,667.42,667.42,0,0
Adult8,I-VT filter,,3169,4,Fixation,1410,950,558,667.39,667.39,0,0
Adult8,I-VT filter,,3173,4,Fixation,1410,949,553,666.82,666.82,0,0
Adult8,I-VT filter,,3176,4,Fixation,1410,951,556,666.97,666.97,0,0
Adult8,I-VT filter,,3180,4,Fixation,1410,949,554,666.97,666.97,0,0
Adult8,I-VT filter,,3183,4,Fixation,1410,952,543,666.95,666.95,0,0
Adult8,I-VT filter,,3186,4,Fixation,1410,948,552,667.19,667.19,0,0
Adult8,I-VT filter,,3189,4,Fixation,1410,949,550,667.24,667.24,0,0
Adult8,I-VT filter,,3193,,Saccade,3,951,557,667.02,667.02,0,0
Adult8,I-VT filter,,3196,5,Fixation,343,948,554,668.16,668.16,0,0
Adult8,I-VT filter,,3199,5,Fixation,343,951,554,667.55,667.55,0,0
Adult8,I-VT filter,,3203,5,Fixation,343,952,566,667.62,667.62,0,0
Adult8,I-VT filter,,3206,5,Fixation,343,938,555,668.38,668.38,0,0
Adult8,I-VT filter,,3209,5,Fixation,343,947,557,667.77,667.77,0,0
Adult8,I-VT filter,,3213,5,Fixation,343,956,553,667.37,667.37,0,0
Adult8,I-VT filter,,3216,5,Fixation,343,946,556,667.45,667.45,0,0
Adult8,I-VT filter,,3219,5,Fixation,343,948,547,667.18,667.18,0,0
Adult8,I-VT filter,,3223,5,Fixation,343,950,558,667.32,667.32,0,0
Adult8,I-VT filter,,3226,5,Fixation,343,955,547,667.29,667.29,0,0
Adult8,I-VT filter,,3229,5,Fixation,343,954,556,667.02,667.02,0,0
Adult8,I-VT filter,,3233,5,Fixation,343,958,556,667.08,667.08,0,0
Adult8,I-VT filter,,3236,5,Fixation,343,944,552,667.46,667.46,0,0
Adult8,I-VT filter,,3239,5,Fixation,343,948,556,666.47,666.47,0,0
Adult8,I-VT filter,,3243,5,Fixation,343,949,550,666.66,666.66,0,0
Adult8,I-VT filter,,3246,5,Fixation,343,959,555,666.5,666.5,0,0
Adult8,I-VT filter,,3250,5,Fixation,343,947,549,666.54,666.54,0,0
Adult8,I-VT filter,,3253,5,Fixation,343,948,541,666.18,666.18,0,0
Adult8,I-VT filter,,3256,5,Fixation,343,954,549,666.56,666.56,0,0
Adult8,I-VT filter,,3259,5,Fixation,343,944,554,665.71,665.71,0,0
Adult8,I-VT filter,,3263,5,Fixation,343,956,542,665.81,665.81,0,0
Adult8,I-VT filter,,3266,5,Fixation,343,953,553,665.77,665.77,0,0
Adult8,I-VT filter,,3269,5,Fixation,343,955,554,665.77,665.77,0,0
Adult8,I-VT filter,,3273,5,Fixation,343,946,560,665.51,665.51,0,0
Adult8,I-VT filter,,3276,5,Fixation,343,953,550,665.45,665.45,0,0
Adult8,I-VT filter,,3279,5,Fixation,343,951,551,665.86,665.86,0,0
Adult8,I-VT filter,,3283,5,Fixation,343,949,550,665.37,665.37,0,0
Adult8,I-VT filter,,3286,5,Fixation,343,948,553,665.43,665.43,0,0
Adult8,I-VT filter,,3289,5,Fixation,343,953,551,665.76,665.76,0,0
Adult8,I-VT filter,,3293,5,Fixation,343,944,548,665.42,665.42,0,0
Adult8,I-VT filter,,3296,5,Fixation,343,943,560,665.58,665.58,0,0
Adult8,I-VT filter,,3299,5,Fixation,343,946,552,665.3,665.3,0,0
Adult8,I-VT filter,,3303,5,Fixation,343,945,550,665.83,665.83,0,0
Adult8,I-VT filter,,3306,5,Fixation,343,948,542,666.06,666.06,0,0
Adult8,I-VT filter,,3309,5,Fixation,343,948,549,666,666,0,0
Adult8,I-VT filter,,3313,5,Fixation,343,944,546,666.17,666.17,0,0
Adult8,I-VT filter,,3316,5,Fixation,343,949,547,666.03,666.03,0,0
Adult8,I-VT filter,,3320,5,Fixation,343,948,552,665.65,665.65,0,0
Adult8,I-VT filter,,3323,5,Fixation,343,951,559,665.41,665.41,0,0
Adult8,I-VT filter,,3326,5,Fixation,343,944,543,665.39,665.39,0,0
Adult8,I-VT filter,,3329,5,Fixation,343,948,552,665.84,665.84,0,0
Adult8,I-VT filter,,3333,5,Fixation,343,947,559,665.7,665.7,0,0
Adult8,I-VT filter,,3336,5,Fixation,343,935,549,666.21,666.21,0,0
Adult8,I-VT filter,,3339,5,Fixation,343,943,554,665.81,665.81,0,0
Adult8,I-VT filter,,3343,5,Fixation,343,949,546,665.71,665.71,0,0
Adult8,I-VT filter,,3346,5,Fixation,343,947,548,665.69,665.69,0,0
Adult8,I-VT filter,,3350,5,Fixation,343,946,553,665.86,665.86,0,0
Adult8,I-VT filter,,3353,5,Fixation,343,949,559,665.38,665.38,0,0
Adult8,I-VT filter,,3356,5,Fixation,343,941,549,665.67,665.67,0,0
Adult8,I-VT filter,,3359,5,Fixation,343,955,554,665.52,665.52,0,0
Adult8,I-VT filter,,3363,5,Fixation,343,946,551,665.07,665.07,0,0
Adult8,I-VT filter,,3366,5,Fixation,343,955,549,665.16,665.16,0,0
Adult8,I-VT filter,,3369,5,Fixation,343,945,557,665.25,665.25,0,0
Adult8,I-VT filter,,3373,5,Fixation,343,950,550,665.13,665.13,0,0
Adult8,I-VT filter,,3376,5,Fixation,343,953,549,665.2,665.2,0,0
Adult8,I-VT filter,,3379,5,Fixation,343,945,541,664.92,664.92,0,0
Adult8,I-VT filter,,3383,5,Fixation,343,954,546,665.55,665.55,0,0
Adult8,I-VT filter,,3386,5,Fixation,343,944,543,664.92,664.92,0,0
Adult8,I-VT filter,,3389,5,Fixation,343,940,545,665.04,665.04,0,0
Adult8,I-VT filter,,3393,5,Fixation,343,944,555,666.28,666.28,0,0
Adult8,I-VT filter,,3396,5,Fixation,343,947,550,665.47,665.47,0,0
Adult8,I-VT filter,,3399,5,Fixation,343,947,547,666.08,666.08,0,0
Adult8,I-VT filter,,3403,5,Fixation,343,952,544,666.21,666.21,0,0
Adult8,I-VT filter,,3406,5,Fixation,343,947,552,665.74,665.74,0,0
Adult8,I-VT filter,,3409,5,Fixation,343,949,552,666.27,666.27,0,0
Adult8,I-VT filter,,3413,5,Fixation,343,952,545,665.66,665.66,0,0
Adult8,I-VT filter,,3416,5,Fixation,343,949,543,666.01,666.01,0,0
Adult8,I-VT filter,,3419,5,Fixation,343,951,546,665.53,665.53,0,0
Adult8,I-VT filter,,3423,5,Fixation,343,954,547,665.9,665.9,0,0
Adult8,I-VT filter,,3426,5,Fixation,343,944,547,665.97,665.97,0,0
Adult8,I-VT filter,,3429,5,Fixation,343,952,550,666.44,666.44,0,0
Adult8,I-VT filter,,3433,5,Fixation,343,948,553,665.93,665.93,0,0
Adult8,I-VT filter,,3436,5,Fixation,343,950,546,666.53,666.53,0,0
Adult8,I-VT filter,,3439,5,Fixation,343,947,551,666.02,666.02,0,0
Adult8,I-VT filter,,3443,5,Fixation,343,948,552,666.44,666.44,0,0
Adult8,I-VT filter,,3446,5,Fixation,343,948,556,666.11,666.11,0,0
Adult8,I-VT filter,,3449,5,Fixation,343,947,559,665.67,665.67,0,0
Adult8,I-VT filter,,3453,5,Fixation,343,948,547,666.29,666.29,0,0
Adult8,I-VT filter,,3456,5,Fixation,343,942,551,666.04,666.04,0,0
Adult8,I-VT filter,,3459,5,Fixation,343,939,555,666.26,666.26,0,0
Adult8,I-VT filter,,3463,5,Fixation,343,944,556,666.08,666.08,0,0
Adult8,I-VT filter,,3466,5,Fixation,343,946,552,665.75,665.75,0,0
Adult8,I-VT filter,,3469,5,Fixation,343,943,558,666.81,666.81,0,0
Adult8,I-VT filter,,3473,5,Fixation,343,945,544,666.81,666.81,0,0
Adult8,I-VT filter,,3476,5,Fixation,343,945,547,666.07,666.07,0,0
Adult8,I-VT filter,,3479,5,Fixation,343,945,553,666.2,666.2,0,0
Adult8,I-VT filter,,3483,5,Fixation,343,947,559,665.26,665.26,0,0
Adult8,I-VT filter,,3486,5,Fixation,343,945,555,666.06,666.06,0,0
Adult8,I-VT filter,,3489,5,Fixation,343,948,561,665.23,665.23,0,0
Adult8,I-VT filter,,3493,5,Fixation,343,949,555,665.29,665.29,0,0
Adult8,I-VT filter,,3496,5,Fixation,343,949,550,665.26,665.26,0,0
Adult8,I-VT filter,,3499,5,Fixation,343,956,553,664.72,664.72,0,0
Adult8,I-VT filter,,3503,5,Fixation,343,956,548,665.29,665.29,0,0
Adult8,I-VT filter,Middle.jpg,3506,5,Fixation,343,950,546,664.73,664.73,0,0
Adult8,I-VT filter,Middle.jpg,3509,5,Fixation,343,947,546,665.16,665.16,0,0
Adult8,I-VT filter,Middle.jpg,3513,5,Fixation,343,947,552,665.65,665.65,0,0
Adult8,I-VT filter,Middle.jpg,3516,5,Fixation,343,955,541,665.01,665.01,0,0
Adult8,I-VT filter,Middle.jpg,3519,5,Fixation,343,948,545,665.58,665.58,0,0
Adult8,I-VT filter,Middle.jpg,3523,5,Fixation,343,950,548,665.85,665.85,0,0
Adult8,I-VT filter,Middle.jpg,3526,5,Fixation,343,956,554,665.9,665.9,0,0
Adult8,I-VT filter,Middle.jpg,3529,5,Fixation,343,952,558,665.66,665.66,0,0
Adult8,I-VT filter,Middle.jpg,3533,5,Fixation,343,954,550,665.58,665.58,0,0
Adult8,I-VT filter,Middle.jpg,3536,5,Fixation,343,948,559,665.5,665.5,0,0
Adult8,I-VT filter,Middle.jpg,3539,,Saccade,3,950,555,665.16,665.16,0,0
Adult8,I-VT filter,Middle.jpg,3543,6,Fixation,423,954,550,665.96,665.96,0,0
Adult8,I-VT filter,Middle.jpg,3546,6,Fixation,423,956,550,665.63,665.63,0,0
Adult8,I-VT filter,Middle.jpg,3549,6,Fixation,423,951,535,665.73,665.73,0,0
Adult8,I-VT filter,Middle.jpg,3553,6,Fixation,423,956,548,665.33,665.33,0,0
Adult8,I-VT filter,Middle.jpg,3556,6,Fixation,423,956,558,665.46,665.46,0,0
Adult8,I-VT filter,Middle.jpg,3559,6,Fixation,423,954,551,664.87,664.87,0,0
Adult8,I-VT filter,Middle.jpg,3563,6,Fixation,423,951,555,665.54,665.54,0,0
Adult8,I-VT filter,Middle.jpg,3566,6,Fixation,423,944,551,665.6,665.6,0,0
Adult8,I-VT filter,Middle.jpg,3569,6,Fixation,423,947,556,665.21,665.21,0,0
Adult8,I-VT filter,Middle.jpg,3573,6,Fixation,423,945,554,666.17,666.17,0,0
Adult8,I-VT filter,Middle.jpg,3576,6,Fixation,423,951,543,665.95,665.95,0,0
Adult8,I-VT filter,Middle.jpg,3579,6,Fixation,423,951,548,665.69,665.69,0,0
Adult8,I-VT filter,Middle.jpg,3583,6,Fixation,423,951,550,665.73,665.73,0,0
Adult8,I-VT filter,Middle.jpg,3586,6,Fixation,423,949,545,665.8,665.8,0,0
Adult8,I-VT filter,Middle.jpg,3589,6,Fixation,423,949,555,666.15,666.15,0,0
Adult8,I-VT filter,Middle.jpg,3593,6,Fixation,423,947,554,665.88,665.88,0,0
Adult8,I-VT filter,Middle.jpg,3596,6,Fixation,423,948,551,665.66,665.66,0,0
Adult8,I-VT filter,Middle.jpg,3599,6,Fixation,423,951,555,666.07,666.07,0,0
Adult8,I-VT filter,Middle.jpg,3603,6,Fixation,423,950,559,665.91,665.91,0,0
Adult8,I-VT filter,Middle.jpg,3606,6,Fixation,423,943,557,665.73,665.73,0,0
Adult8,I-VT filter,Middle.jpg,3609,6,Fixation,423,950,540,666.34,666.34,0,0
Adult8,I-VT filter,Middle.jpg,3613,6,Fixation,423,948,547,665.86,665.86,0,0
Adult8,I-VT filter,Middle.jpg,3616,6,Fixation,423,942,549,666.01,666.01,0,0
Adult8,I-VT filter,Middle.jpg,3619,6,Fixation,423,948,559,665.83,665.83,0,0
Adult8,I-VT filter,Middle.jpg,3623,6,Fixation,423,956,550,666.22,666.22,0,0
Adult8,I-VT filter,Middle.jpg,3626,6,Fixation,423,948,559,666.14,666.14,0,0
Adult8,I-VT filter,Middle.jpg,3629,6,Fixation,423,951,557,666.41,666.41,0,0
Adult8,I-VT filter,Middle.jpg,3633,6,Fixation,423,950,556,666.17,666.17,0,0
Adult8,I-VT filter,Middle.jpg,3636,6,Fixation,423,956,550,666.39,666.39,0,0
Adult8,I-VT filter,Middle.jpg,3639,6,Fixation,423,952,557,666.3,666.3,0,0
Adult8,I-VT filter,Middle.jpg,3643,6,Fixation,423,946,555,666.24,666.24,0,0
Adult8,I-VT filter,Middle.jpg,3646,6,Fixation,423,948,556,666.41,666.41,0,0
Adult8,I-VT filter,Middle.jpg,3649,6,Fixation,423,943,552,666.16,666.16,0,0
Adult8,I-VT filter,Middle.jpg,3653,6,Fixation,423,942,553,665.79,665.79,0,0
Adult8,I-VT filter,Middle.jpg,3656,6,Fixation,423,944,557,666.14,666.14,0,0
Adult8,I-VT filter,Middle.jpg,3659,6,Fixation,423,955,555,666.34,666.34,0,0
Adult8,I-VT filter,Middle.jpg,3663,6,Fixation,423,949,558,666.06,666.06,0,0
Adult8,I-VT filter,Middle.jpg,3666,6,Fixation,423,950,550,666.4,666.4,0,0
Adult8,I-VT filter,Middle.jpg,3669,6,Fixation,423,951,555,666.49,666.49,0,0
Adult8,I-VT filter,Middle.jpg,3673,6,Fixation,423,947,557,666.6,666.6,0,0
Adult8,I-VT filter,Middle.jpg,3676,6,Fixation,423,946,554,666.67,666.67,0,0
Adult8,I-VT filter,Middle.jpg,3679,6,Fixation,423,947,553,666.44,666.44,0,0
Adult8,I-VT filter,Middle.jpg,3683,6,Fixation,423,946,548,667.23,667.23,0,0
Adult8,I-VT filter,Middle.jpg,3686,6,Fixation,423,947,555,666.65,666.65,0,0
Adult8,I-VT filter,Middle.jpg,3689,6,Fixation,423,954,548,666.79,666.79,0,0
Adult8,I-VT filter,Middle.jpg,3693,6,Fixation,423,953,547,666.59,666.59,0,0
Adult8,I-VT filter,Middle.jpg,3696,6,Fixation,423,950,549,666.27,666.27,0,0
Adult8,I-VT filter,Middle.jpg,3699,6,Fixation,423,944,548,665.62,665.62,0,0
Adult8,I-VT filter,Middle.jpg,3703,6,Fixation,423,948,558,665.55,665.55,0,0
Adult8,I-VT filter,Middle.jpg,3706,6,Fixation,423,942,558,665.94,665.94,0,0
Adult8,I-VT filter,Middle.jpg,3709,6,Fixation,423,958,552,665.98,665.98,0,0
Adult8,I-VT filter,Middle.jpg,3713,6,Fixation,423,946,554,664.87,664.87,0,0
Adult8,I-VT filter,Middle.jpg,3716,6,Fixation,423,947,560,665.26,665.26,0,0
Adult8,I-VT filter,Middle.jpg,3719,6,Fixation,423,947,556,665.15,665.15,0,0
Adult8,I-VT filter,Middle.jpg,3723,6,Fixation,423,948,548,665.95,665.95,0,0
Adult8,I-VT filter,Middle.jpg,3726,6,Fixation,423,947,552,665.05,665.05,0,0
Adult8,I-VT filter,Middle.jpg,3729,6,Fixation,423,954,558,665.46,665.46,0,0
Adult8,I-VT filter,Middle.jpg,3733,6,Fixation,423,943,561,665.47,665.47,0,0
Adult8,I-VT filter,Middle.jpg,3736,6,Fixation,423,954,555,665.48,665.48,0,0
Adult8,I-VT filter,Middle.jpg,3739,6,Fixation,423,946,545,665.2,665.2,0,0
Adult8,I-VT filter,Middle.jpg,3743,6,Fixation,423,944,553,666.13,666.13,0,0
Adult8,I-VT filter,Middle.jpg,3746,6,Fixation,423,942,550,665.22,665.22,0,0
Adult8,I-VT filter,Middle.jpg,3749,6,Fixation,423,948,558,665.33,665.33,0,0
Adult8,I-VT filter,Middle.jpg,3753,6,Fixation,423,947,554,665.35,665.35,0,0
Adult8,I-VT filter,Middle.jpg,3756,6,Fixation,423,952,549,665.5,665.5,0,0
Adult8,I-VT filter,Middle.jpg,3759,6,Fixation,423,942,549,665.57,665.57,0,0
Adult8,I-VT filter,Middle.jpg,3763,6,Fixation,423,948,554,665.33,665.33,0,0
Adult8,I-VT filter,Middle.jpg,3766,6,Fixation,423,949,556,665.89,665.89,0,0
Adult8,I-VT filter,Middle.jpg,3769,6,Fixation,423,950,558,666.05,666.05,0,0
Adult8,I-VT filter,Middle.jpg,3773,6,Fixation,423,946,560,665.13,665.13,0,0
Adult8,I-VT filter,Middle.jpg,3776,6,Fixation,423,947,551,666,666,0,0
Adult8,I-VT filter,Middle.jpg,3779,6,Fixation,423,955,553,665.76,665.76,0,0
Adult8,I-VT filter,Middle.jpg,3783,6,Fixation,423,948,554,665.72,665.72,0,0
Adult8,I-VT filter,Middle.jpg,3786,6,Fixation,423,951,553,666.02,666.02,0,0
Adult8,I-VT filter,Middle.jpg,3789,6,Fixation,423,948,553,665.82,665.82,0,0
Adult8,I-VT filter,Middle.jpg,3793,6,Fixation,423,950,556,665.86,665.86,0,0
Adult8,I-VT filter,Middle.jpg,3796,6,Fixation,423,946,548,666.07,666.07,0,0
Adult8,I-VT filter,Middle.jpg,3799,6,Fixation,423,946,553,665.59,665.59,0,0
Adult8,I-VT filter,Middle.jpg,3803,6,Fixation,423,947,550,665.78,665.78,0,0
Adult8,I-VT filter,Middle.jpg,3806,6,Fixation,423,945,554,666.16,666.16,0,0
Adult8,I-VT filter,Middle.jpg,3809,6,Fixation,423,950,556,665.9,665.9,0,0
Adult8,I-VT filter,Middle.jpg,3813,6,Fixation,423,945,556,666.1,666.1,0,0
Adult8,I-VT filter,Middle.jpg,3816,6,Fixation,423,947,555,666.42,666.42,0,0
Adult8,I-VT filter,Middle.jpg,3819,6,Fixation,423,943,548,666.69,666.69,0,0
Adult8,I-VT filter,Middle.jpg,3823,6,Fixation,423,951,548,666.09,666.09,0,0
Adult8,I-VT filter,Middle.jpg,3826,6,Fixation,423,947,548,666.32,666.32,0,0
Adult8,I-VT filter,Middle.jpg,3829,6,Fixation,423,951,549,666.62,666.62,0,0
Adult8,I-VT filter,Middle.jpg,3833,6,Fixation,423,942,552,667.02,667.02,0,0
Adult8,I-VT filter,Middle.jpg,3836,6,Fixation,423,947,551,666.53,666.53,0,0
Adult8,I-VT filter,Middle.jpg,3839,6,Fixation,423,951,553,666.45,666.45,0,0
Adult8,I-VT filter,Middle.jpg,3843,6,Fixation,423,945,550,666.93,666.93,0,0
Adult8,I-VT filter,Middle.jpg,3846,6,Fixation,423,946,549,667.06,667.06,0,0
Adult8,I-VT filter,Middle.jpg,3849,6,Fixation,423,945,552,667.47,667.47,0,0
Adult8,I-VT filter,Middle.jpg,3853,6,Fixation,423,944,555,667.2,667.2,0,0
Adult8,I-VT filter,Middle.jpg,3856,6,Fixation,423,951,550,666.72,666.72,0,0
Adult8,I-VT filter,Middle.jpg,3859,6,Fixation,423,938,555,666.66,666.66,0,0
Adult8,I-VT filter,Middle.jpg,3863,6,Fixation,423,950,557,666.19,666.19,0,0
Adult8,I-VT filter,Middle.jpg,3866,6,Fixation,423,947,554,666.6,666.6,0,0
Adult8,I-VT filter,Middle.jpg,3869,6,Fixation,423,947,551,666.17,666.17,0,0
Adult8,I-VT filter,Middle.jpg,3873,6,Fixation,423,948,556,665.71,665.71,0,0
Adult8,I-VT filter,Middle.jpg,3876,6,Fixation,423,944,556,665.64,665.64,0,0
Adult8,I-VT filter,Middle.jpg,3879,6,Fixation,423,950,561,665.39,665.39,0,0
Adult8,I-VT filter,Middle.jpg,3883,6,Fixation,423,946,555,665.9,665.9,0,0
Adult8,I-VT filter,Middle.jpg,3886,6,Fixation,423,951,550,665.25,665.25,0,0
Adult8,I-VT filter,Middle.jpg,3889,6,Fixation,423,949,555,665.73,665.73,0,0
Adult8,I-VT filter,Middle.jpg,3893,6,Fixation,423,940,559,665.67,665.67,0,0
Adult8,I-VT filter,Middle.jpg,3896,6,Fixation,423,948,550,665.86,665.86,0,0
Adult8,I-VT filter,Middle.jpg,3899,6,Fixation,423,947,552,665.67,665.67,0,0
Adult8,I-VT filter,Middle.jpg,3903,6,Fixation,423,946,556,666.21,666.21,0,0
Adult8,I-VT filter,Middle.jpg,3906,6,Fixation,423,944,547,666.37,666.37,0,0
Adult8,I-VT filter,Middle.jpg,3909,6,Fixation,423,953,553,666.32,666.32,0,0
Adult8,I-VT filter,Middle.jpg,3913,6,Fixation,423,948,555,666.29,666.29,0,0
Adult8,I-VT filter,Middle.jpg,3916,6,Fixation,423,954,551,666.39,666.39,0,0
Adult8,I-VT filter,Middle.jpg,3919,6,Fixation,423,948,559,666.09,666.09,0,0
Adult8,I-VT filter,Middle.jpg,3923,6,Fixation,423,948,554,666.39,666.39,0,0
Adult8,I-VT filter,Middle.jpg,3926,6,Fixation,423,952,558,665.91,665.91,0,0
Adult8,I-VT filter,Middle.jpg,3929,6,Fixation,423,954,561,666.04,666.04,0,0
Adult8,I-VT filter,Middle.jpg,3933,6,Fixation,423,952,565,666.29,666.29,0,0
Adult8,I-VT filter,Middle.jpg,3936,6,Fixation,423,950,563,665.43,665.43,0,0
Adult8,I-VT filter,Middle.jpg,3939,6,Fixation,423,949,558,664.2,664.2,0,0
Adult8,I-VT filter,Middle.jpg,3943,6,Fixation,423,951,565,663.49,663.49,0,0
Adult8,I-VT filter,Middle.jpg,3946,6,Fixation,423,946,570,662.91,662.91,0,0
Adult8,I-VT filter,Middle.jpg,3949,6,Fixation,423,947,575,662.64,662.64,0,0
Adult8,I-VT filter,Middle.jpg,3953,6,Fixation,423,946,570,662.51,662.51,0,0
Adult8,I-VT filter,Middle.jpg,3956,6,Fixation,423,952,576,662.01,662.01,0,0
Adult8,I-VT filter,Middle.jpg,3959,6,Fixation,423,940,569,661.85,661.85,0,0
Adult8,I-VT filter,Middle.jpg,3963,6,Fixation,423,948,572,661.3,661.3,0,0
Adult8,I-VT filter,Middle.jpg,3966,,Saccade,7,953,573,661.76,661.76,0,0
Adult8,I-VT filter,Middle.jpg,3969,,Saccade,7,944,567,662.57,662.57,0,0
Adult8,I-VT filter,Middle.jpg,3973,,Unclassified,7,953,568,661.5,661.5,0,0
Adult8,I-VT filter,Middle.jpg,3976,,Unclassified,7,958,551,662.52,662.52,0,0
Adult8,I-VT filter,Middle.jpg,3979,,Saccade,13,952,545,662.59,662.59,0,0
Adult8,I-VT filter,Middle.jpg,3983,,Saccade,13,962,561,661.63,661.63,0,0
Adult8,I-VT filter,Middle.jpg,3986,,Saccade,13,956,574,662.7,662.7,0,0
Adult8,I-VT filter,Middle.jpg,3989,,Saccade,13,973,551,664.01,664.01,0,0
Adult8,I-VT filter,Middle.jpg,3993,,Unclassified,10,974,541,664.81,,0,4
Adult8,I-VT filter,Middle.jpg,3996,,Unclassified,10,997,585,666.4,,0,4
Adult8,I-VT filter,Middle.jpg,3999,,Unclassified,10,1015,638,667.21,,0,4
Adult8,I-VT filter,Middle.jpg,4003,,Unclassified,273,,,,,4,4
Adult8,I-VT filter,Middle.jpg,4006,,Unclassified,273,,,,,4,4
Adult8,I-VT filter,Middle.jpg,4009,,Unclassified,273,,,,,4,4
Adult8,I-VT filter,Middle.jpg,4013,,Unclassified,273,,,,,4,4
Adult8,I-VT filter,Middle.jpg,4016,,Unclassified,273,,,,,4,4
Adult8,I-VT filter,Middle.jpg,4019,,Unclassified,273,,,,,4,4
Adult8,I-VT filter,Middle.jpg,4023,,Unclassified,273,,,,,4,4
Adult8,I-VT filter,Middle.jpg,4026,,Unclassified,273,,,,,4,4
Adult8,I-VT filter,Middle.jpg,4029,,Unclassified,273,,,,,4,4
Adult8,I-VT filter,Middle.jpg,4033,,Unclassified,273,,,,,4,4
Adult8,I-VT filter,Middle.jpg,4036,,Unclassified,273,,,,,4,4
Adult8,I-VT filter,Middle.jpg,4039,,Unclassified,273,,,,,4,4
Adult8,I-VT filter,Middle.jpg,4043,,Unclassified,273,,,,,4,4
Adult8,I-VT filter,Middle.jpg,4046,,Unclassified,273,,,,,4,4
Adult8,I-VT filter,Middle.jpg,4049,,Unclassified,273,,,,,4,4
Adult8,I-VT filter,Middle.jpg,4053,,Unclassified,273,,,,,4,4
Adult8,I-VT filter,Middle.jpg,4056,,Unclassified,273,,,,,4,4
Adult8,I-VT filter,Middle.jpg,4059,,Unclassified,273,,,,,4,4
Adult8,I-VT filter,Middle.jpg,4063,,Unclassified,273,,,,,4,4
Adult8,I-VT filter,Middle.jpg,4066,,Unclassified,273,,,,,4,4
Adult8,I-VT filter,Middle.jpg,4069,,Unclassified,273,,,,,4,4
Adult8,I-VT filter,Middle.jpg,4073,,Unclassified,273,,,,,4,4
Adult8,I-VT filter,Middle.jpg,4076,,Unclassified,273,,,,,4,4
Adult8,I-VT filter,Middle.jpg,4079,,Unclassified,273,,,,,4,4
Adult8,I-VT filter,Middle.jpg,4083,,Unclassified,273,,,,,4,4
Adult8,I-VT filter,Middle.jpg,4086,,Unclassified,273,,,,,4,4
Adult8,I-VT filter,Middle.jpg,4089,,Unclassified,273,,,,,4,4
Adult8,I-VT filter,Middle.jpg,4093,,Unclassified,273,,,,,4,4
Adult8,I-VT filter,Middle.jpg,4096,,Unclassified,273,,,,,4,4
Adult8,I-VT filter,Middle.jpg,4099,,Unclassified,273,,,,,4,4
Adult8,I-VT filter,Middle.jpg,4103,,Unclassified,273,,,,,4,4
Adult8,I-VT filter,Middle.jpg,4106,,Unclassified,273,,,,,4,4
Adult8,I-VT filter,Middle.jpg,4109,,Unclassified,273,,,,,4,4
Adult8,I-VT filter,Middle.jpg,4113,,Unclassified,273,,,,,4,4
Adult8,I-VT filter,Middle.jpg,4116,,Unclassified,273,,,,,4,4
Adult8,I-VT filter,Middle.jpg,4119,,Unclassified,273,,,,,4,4
Adult8,I-VT filter,Middle.jpg,4123,,Unclassified,273,,,,,4,4
Adult8,I-VT filter,Middle.jpg,4126,,Unclassified,273,,,,,4,4
Adult8,I-VT filter,Middle.jpg,4129,,Unclassified,273,,,,,4,4
Adult8,I-VT filter,Middle.jpg,4133,,Unclassified,273,,,,,4,4
Adult8,I-VT filter,Middle.jpg,4136,,Unclassified,273,,,,,4,4
Adult8,I-VT filter,Middle.jpg,4139,,Unclassified,273,,,,,4,4
Adult8,I-VT filter,Middle.jpg,4143,,Unclassified,273,,,,,4,4
Adult8,I-VT filter,Middle.jpg,4146,,Unclassified,273,,,,,4,4
Adult8,I-VT filter,Middle.jpg,4149,,Unclassified,273,,,,,4,4
Adult8,I-VT filter,Middle.jpg,4153,,Unclassified,273,,,,,4,4
Adult8,I-VT filter,Middle.jpg,4156,,Unclassified,273,,,,,4,4
Adult8,I-VT filter,Middle.jpg,4159,,Unclassified,273,,,,,4,4
Adult8,I-VT filter,Middle.jpg,4163,,Unclassified,273,,,,,4,4
Adult8,I-VT filter,Middle.jpg,4166,,Unclassified,273,,,,,4,4
Adult8,I-VT filter,Middle.jpg,4169,,Unclassified,273,,,,,4,4
Adult8,I-VT filter,Middle.jpg,4173,,Unclassified,273,,,,,4,4
Adult8,I-VT filter,Middle.jpg,4176,,Unclassified,273,,,,,4,4
Adult8,I-VT filter,Middle.jpg,4179,,Unclassified,273,,,,,4,4
Adult8,I-VT filter,Middle.jpg,4183,,Unclassified,273,,,,,4,4
Adult8,I-VT filter,Middle.jpg,4186,,Unclassified,273,,,,,4,4
Adult8,I-VT filter,Middle.jpg,4189,,Unclassified,273,,,,,4,4
Adult8,I-VT filter,Middle.jpg,4193,,Unclassified,273,,,,,4,4
Adult8,I-VT filter,Middle.jpg,4196,,Unclassified,273,,,,,4,4
Adult8,I-VT filter,Middle.jpg,4199,,Unclassified,273,,,,,4,4
Adult8,I-VT filter,Middle.jpg,4203,,Unclassified,273,,,,,4,4
Adult8,I-VT filter,Middle.jpg,4206,,Unclassified,273,,,,,4,4
Adult8,I-VT filter,Middle.jpg,4209,,Unclassified,273,,,,,4,4
Adult8,I-VT filter,Middle.jpg,4213,,Unclassified,273,,,,,4,4
Adult8,I-VT filter,Middle.jpg,4216,,Unclassified,273,,,,,4,4
Adult8,I-VT filter,Middle.jpg,4219,,Unclassified,273,,,,,4,4
Adult8,I-VT filter,Middle.jpg,4223,,Unclassified,273,,,,,4,4
Adult8,I-VT filter,Middle.jpg,4226,,Unclassified,273,,,,,4,4
Adult8,I-VT filter,Middle.jpg,4229,,Unclassified,273,,,,,4,4
Adult8,I-VT filter,Middle.jpg,4233,,Unclassified,273,,,,,4,4
Adult8,I-VT filter,Middle.jpg,4236,,Unclassified,273,,,,,4,4
Adult8,I-VT filter,Middle.jpg,4239,,Unclassified,273,,,,,4,4
Adult8,I-VT filter,Middle.jpg,4243,,Unclassified,273,,,,,4,4
Adult8,I-VT filter,Middle.jpg,4246,,Unclassified,273,,,,,4,4
Adult8,I-VT filter,Middle.jpg,4249,,Unclassified,273,,,,,4,4
Adult8,I-VT filter,Middle.jpg,4253,,Unclassified,273,,,,,4,4
Adult8,I-VT filter,Middle.jpg,4256,,Unclassified,273,,,,,4,4
Adult8,I-VT filter,Middle.jpg,4259,,Unclassified,273,,,,,4,4
Adult8,I-VT filter,Middle.jpg,4263,,Unclassified,273,,,,,4,4
Adult8,I-VT filter,Middle.jpg,4266,,Unclassified,273,,,,,4,4
Adult8,I-VT filter,Middle.jpg,4269,,Unclassified,273,,,,,4,4
Adult8,I-VT filter,Middle.jpg,4273,,Unclassified,273,,,,,4,4
Adult8,I-VT filter,Middle.jpg,4276,,Unclassified,10,940,572,664.54,664.54,0,0
Adult8,I-VT filter,Middle.jpg,4279,,Unclassified,10,942,569,664.5,664.5,0,0
Adult8,I-VT filter,Middle.jpg,4283,,Unclassified,10,980,624,,0,4,0
Adult8,I-VT filter,Middle.jpg,4286,7,Fixation,1453,963,573,,0,4,0
Adult8,I-VT filter,Middle.jpg,4289,7,Fixation,1453,961,572,,0,4,0
Adult8,I-VT filter,Middle.jpg,4293,7,Fixation,1453,957,577,,0,4,0
Adult8,I-VT filter,Middle.jpg,4296,7,Fixation,1453,973,618,,0,4,0
Adult8,I-VT filter,Middle.jpg,4299,7,Fixation,1453,947,561,664.88,664.88,0,0
Adult8,I-VT filter,Middle.jpg,4303,7,Fixation,1453,947,560,664.68,664.68,0,0
Adult8,I-VT filter,Middle.jpg,4306,7,Fixation,1453,943,565,664.49,664.49,0,0
Adult8,I-VT filter,Middle.jpg,4309,7,Fixation,1453,953,562,664.82,664.82,0,0
Adult8,I-VT filter,Middle.jpg,4313,7,Fixation,1453,943,568,664.6,664.6,0,0
Adult8,I-VT filter,Middle.jpg,4316,7,Fixation,1453,941,561,664.4,664.4,0,0
Adult8,I-VT filter,Middle.jpg,4319,7,Fixation,1453,944,551,664.74,664.74,0,0
Adult8,I-VT filter,Middle.jpg,4323,7,Fixation,1453,947,565,664.22,664.22,0,0
Adult8,I-VT filter,Middle.jpg,4326,7,Fixation,1453,943,561,664.55,664.55,0,0
Adult8,I-VT filter,Middle.jpg,4329,7,Fixation,1453,948,563,664.61,664.61,0,0
Adult8,I-VT filter,Middle.jpg,4333,7,Fixation,1453,943,566,663.9,663.9,0,0
Adult8,I-VT filter,Middle.jpg,4336,7,Fixation,1453,942,564,663.92,663.92,0,0
Adult8,I-VT filter,Middle.jpg,4339,7,Fixation,1453,946,565,664.05,664.05,0,0
Adult8,I-VT filter,Middle.jpg,4343,7,Fixation,1453,951,562,664.41,664.41,0,0
Adult8,I-VT filter,Middle.jpg,4346,7,Fixation,1453,949,566,663.7,663.7,0,0
Adult8,I-VT filter,Middle.jpg,4349,7,Fixation,1453,946,559,664.01,664.01,0,0
Adult8,I-VT filter,Middle.jpg,4353,7,Fixation,1453,948,563,664.46,664.46,0,0
Adult8,I-VT filter,Middle.jpg,4356,7,Fixation,1453,947,569,664.6,664.6,0,0
Adult8,I-VT filter,Middle.jpg,4359,7,Fixation,1453,949,570,664.47,664.47,0,0
Adult8,I-VT filter,Middle.jpg,4363,7,Fixation,1453,947,562,664.83,664.83,0,0
Adult8,I-VT filter,Middle.jpg,4366,7,Fixation,1453,946,564,664.55,664.55,0,0
Adult8,I-VT filter,Middle.jpg,4369,7,Fixation,1453,948,568,664.02,664.02,0,0
Adult8,I-VT filter,Middle.jpg,4373,7,Fixation,1453,948,567,663.9,663.9,0,0
Adult8,I-VT filter,Middle.jpg,4376,7,Fixation,1453,950,564,664.47,664.47,0,0
Adult8,I-VT filter,Middle.jpg,4379,7,Fixation,1453,954,566,664.46,664.46,0,0
Adult8,I-VT filter,Middle.jpg,4383,7,Fixation,1453,951,564,664.06,664.06,0,0
Adult8,I-VT filter,Middle.jpg,4386,7,Fixation,1453,950,567,664.23,664.23,0,0
Adult8,I-VT filter,Middle.jpg,4389,7,Fixation,1453,946,559,664.67,664.67,0,0
Adult8,I-VT filter,Middle.jpg,4393,7,Fixation,1453,953,561,664.71,664.71,0,0
Adult8,I-VT filter,Middle.jpg,4396,7,Fixation,1453,950,554,664.83,664.83,0,0
Adult8,I-VT filter,Middle.jpg,4399,7,Fixation,1453,950,551,664.89,664.89,0,0
Adult8,I-VT filter,Middle.jpg,4403,7,Fixation,1453,947,546,665.05,665.05,0,0
Adult8,I-VT filter,Middle.jpg,4406,7,Fixation,1453,945,551,664.71,664.71,0,0
Adult8,I-VT filter,Middle.jpg,4409,7,Fixation,1453,949,549,664.64,664.64,0,0
Adult8,I-VT filter,Middle.jpg,4413,7,Fixation,1453,946,545,665.17,665.17,0,0
Adult8,I-VT filter,Middle.jpg,4416,7,Fixation,1453,948,541,664.87,664.87,0,0
Adult8,I-VT filter,Middle.jpg,4419,7,Fixation,1453,946,548,664.64,664.64,0,0
Adult8,I-VT filter,Middle.jpg,4423,7,Fixation,1453,942,541,664.33,664.33,0,0
Adult8,I-VT filter,Middle.jpg,4426,7,Fixation,1453,944,546,664.37,664.37,0,0
Adult8,I-VT filter,Middle.jpg,4429,7,Fixation,1453,950,551,664.22,664.22,0,0
Adult8,I-VT filter,Middle.jpg,4433,7,Fixation,1453,951,549,664.14,664.14,0,0
Adult8,I-VT filter,Middle.jpg,4436,7,Fixation,1453,952,550,664.56,664.56,0,0
Adult8,I-VT filter,Middle.jpg,4439,7,Fixation,1453,942,546,664.14,664.14,0,0
Adult8,I-VT filter,Middle.jpg,4443,7,Fixation,1453,948,553,664.73,664.73,0,0
Adult8,I-VT filter,Middle.jpg,4446,7,Fixation,1453,947,553,664.42,664.42,0,0
Adult8,I-VT filter,Middle.jpg,4449,7,Fixation,1453,950,552,664.24,664.24,0,0
Adult8,I-VT filter,Middle.jpg,4453,7,Fixation,1453,944,552,665.06,665.06,0,0
Adult8,I-VT filter,Middle.jpg,4456,7,Fixation,1453,944,554,664.7,664.7,0,0
Adult8,I-VT filter,Middle.jpg,4459,7,Fixation,1453,950,547,665.11,665.11,0,0
Adult8,I-VT filter,Middle.jpg,4463,7,Fixation,1453,944,555,665.03,665.03,0,0
Adult8,I-VT filter,Middle.jpg,4466,7,Fixation,1453,950,553,664.56,664.56,0,0
Adult8,I-VT filter,Middle.jpg,4469,7,Fixation,1453,944,553,664.13,664.13,0,0
Adult8,I-VT filter,Middle.jpg,4473,7,Fixation,1453,942,552,664.63,664.63,0,0
Adult8,I-VT filter,Middle.jpg,4476,7,Fixation,1453,943,552,664.82,664.82,0,0
Adult8,I-VT filter,Middle.jpg,4479,7,Fixation,1453,951,548,664.26,664.26,0,0
Adult8,I-VT filter,Middle.jpg,4483,7,Fixation,1453,951,559,664.63,664.63,0,0
Adult8,I-VT filter,Middle.jpg,4486,7,Fixation,1453,954,554,664.75,664.75,0,0
Adult8,I-VT filter,Middle.jpg,4489,7,Fixation,1453,948,547,665.05,665.05,0,0
Adult8,I-VT filter,Middle.jpg,4493,7,Fixation,1453,944,556,664.4,664.4,0,0
Adult8,I-VT filter,Middle.jpg,4496,7,Fixation,1453,952,548,664.57,664.57,0,0
Adult8,I-VT filter,Middle.jpg,4499,7,Fixation,1453,944,550,665.15,665.15,0,0
Adult8,I-VT filter,Middle.jpg,4503,7,Fixation,1453,945,555,664.48,664.48,0,0
Adult8,I-VT filter,Middle.jpg,4506,7,Fixation,1453,945,560,664.19,664.19,0,0
Adult8,I-VT filter,Middle.jpg,4509,7,Fixation,1453,947,555,664.23,664.23,0,0
Adult8,I-VT filter,Middle.jpg,4513,7,Fixation,1453,952,555,663.96,663.96,0,0
Adult8,I-VT filter,Middle.jpg,4516,7,Fixation,1453,944,553,663.47,663.47,0,0
Adult8,I-VT filter,Middle.jpg,4519,7,Fixation,1453,943,563,663.64,663.64,0,0
Adult8,I-VT filter,Middle.jpg,4523,7,Fixation,1453,944,560,663.15,663.15,0,0
Adult8,I-VT filter,Middle.jpg,4526,7,Fixation,1453,948,559,663.89,663.89,0,0
Adult8,I-VT filter,Middle.jpg,4529,7,Fixation,1453,945,554,663.83,663.83,0,0
Adult8,I-VT filter,Middle.jpg,4533,7,Fixation,1453,949,560,663.52,663.52,0,0
Adult8,I-VT filter,Middle.jpg,4536,7,Fixation,1453,944,552,663.46,663.46,0,0
Adult8,I-VT filter,Middle.jpg,4539,7,Fixation,1453,949,562,663.3,663.3,0,0
Adult8,I-VT filter,Middle.jpg,4543,7,Fixation,1453,944,559,663.17,663.17,0,0
Adult8,I-VT filter,Middle.jpg,4546,7,Fixation,1453,951,556,663.65,663.65,0,0
Adult8,I-VT filter,Middle.jpg,4549,7,Fixation,1453,948,548,664.19,664.19,0,0
Adult8,I-VT filter,Middle.jpg,4553,7,Fixation,1453,949,554,663.46,663.46,0,0
Adult8,I-VT filter,Middle.jpg,4556,7,Fixation,1453,945,550,663.96,663.96,0,0
Adult8,I-VT filter,Middle.jpg,4559,7,Fixation,1453,945,554,664.23,664.23,0,0
Adult8,I-VT filter,Middle.jpg,4563,7,Fixation,1453,945,545,664.2,664.2,0,0
Adult8,I-VT filter,Middle.jpg,4566,7,Fixation,1453,948,564,664.24,664.24,0,0
Adult8,I-VT filter,Middle.jpg,4569,7,Fixation,1453,947,555,664.2,664.2,0,0
Adult8,I-VT filter,Middle.jpg,4573,7,Fixation,1453,951,552,663.7,663.7,0,0
Adult8,I-VT filter,Middle.jpg,4576,7,Fixation,1453,947,559,664.1,664.1,0,0
Adult8,I-VT filter,Middle.jpg,4579,7,Fixation,1453,948,560,663.26,663.26,0,0
Adult8,I-VT filter,Middle.jpg,4583,7,Fixation,1453,949,565,663.98,663.98,0,0
Adult8,I-VT filter,Middle.jpg,4586,7,Fixation,1453,943,551,664.21,664.21,0,0
Adult8,I-VT filter,Middle.jpg,4589,7,Fixation,1453,952,557,664.54,664.54,0,0
Adult8,I-VT filter,Middle.jpg,4593,7,Fixation,1453,943,554,664.32,664.32,0,0
Adult8,I-VT filter,Middle.jpg,4596,7,Fixation,1453,944,554,664.35,664.35,0,0
Adult8,I-VT filter,Middle.jpg,4599,7,Fixation,1453,946,553,664.67,664.67,0,0
Adult8,I-VT filter,Middle.jpg,4603,7,Fixation,1453,945,553,664.92,664.92,0,0
Adult8,I-VT filter,Middle.jpg,4606,7,Fixation,1453,947,551,665.05,665.05,0,0
Adult8,I-VT filter,Middle.jpg,4609,7,Fixation,1453,950,552,664.18,664.18,0,0
Adult8,I-VT filter,Middle.jpg,4613,7,Fixation,1453,947,555,663.78,663.78,0,0
Adult8,I-VT filter,Middle.jpg,4616,7,Fixation,1453,948,553,664.62,664.62,0,0
Adult8,I-VT filter,Middle.jpg,4619,7,Fixation,1453,952,550,663.73,663.73,0,0
Adult8,I-VT filter,Middle.jpg,4623,7,Fixation,1453,947,560,664.04,664.04,0,0
Adult8,I-VT filter,Middle.jpg,4626,7,Fixation,1453,946,546,664.83,664.83,0,0
Adult8,I-VT filter,Middle.jpg,4629,7,Fixation,1453,942,554,664.14,664.14,0,0
Adult8,I-VT filter,Middle.jpg,4633,7,Fixation,1453,946,558,664.08,664.08,0,0
Adult8,I-VT filter,Middle.jpg,4636,7,Fixation,1453,941,553,664.54,664.54,0,0
Adult8,I-VT filter,Middle.jpg,4639,7,Fixation,1453,944,553,663.94,663.94,0,0
Adult8,I-VT filter,Middle.jpg,4643,7,Fixation,1453,945,554,664.48,664.48,0,0
Adult8,I-VT filter,Middle.jpg,4646,7,Fixation,1453,946,554,664.41,664.41,0,0
Adult8,I-VT filter,Middle.jpg,4649,7,Fixation,1453,947,552,664.2,664.2,0,0
Adult8,I-VT filter,Middle.jpg,4653,7,Fixation,1453,943,548,664.36,664.36,0,0
Adult8,I-VT filter,Middle.jpg,4656,7,Fixation,1453,943,545,664.46,664.46,0,0
Adult8,I-VT filter,Middle.jpg,4659,7,Fixation,1453,944,552,664.27,664.27,0,0
Adult8,I-VT filter,Middle.jpg,4663,7,Fixation,1453,945,556,664.46,664.46,0,0
Adult8,I-VT filter,Middle.jpg,4666,7,Fixation,1453,952,549,664.47,664.47,0,0
Adult8,I-VT filter,Middle.jpg,4669,7,Fixation,1453,946,560,664.72,664.72,0,0
Adult8,I-VT filter,Middle.jpg,4673,7,Fixation,1453,946,547,664.99,664.99,0,0
Adult8,I-VT filter,Middle.jpg,4676,7,Fixation,1453,937,551,664.9,664.9,0,0
Adult8,I-VT filter,Middle.jpg,4679,7,Fixation,1453,943,557,665.03,665.03,0,0
Adult8,I-VT filter,Middle.jpg,4683,7,Fixation,1453,949,558,664.52,664.52,0,0
Adult8,I-VT filter,Middle.jpg,4686,7,Fixation,1453,950,547,664.55,664.55,0,0
Adult8,I-VT filter,Middle.jpg,4689,7,Fixation,1453,946,554,664.34,664.34,0,0
Adult8,I-VT filter,Middle.jpg,4693,7,Fixation,1453,952,541,664.85,664.85,0,0
Adult8,I-VT filter,Middle.jpg,4696,7,Fixation,1453,948,547,664.21,664.21,0,0
Adult8,I-VT filter,Middle.jpg,4699,7,Fixation,1453,951,545,664.42,664.42,0,0
Adult8,I-VT filter,Middle.jpg,4703,7,Fixation,1453,944,552,664.52,664.52,0,0
Adult8,I-VT filter,Middle.jpg,4706,7,Fixation,1453,953,548,664.58,664.58,0,0
Adult8,I-VT filter,Middle.jpg,4709,7,Fixation,1453,947,551,663.88,663.88,0,0
Adult8,I-VT filter,Middle.jpg,4713,7,Fixation,1453,947,552,663.97,663.97,0,0
Adult8,I-VT filter,Middle.jpg,4716,7,Fixation,1453,952,549,664.97,664.97,0,0
Adult8,I-VT filter,Middle.jpg,4719,7,Fixation,1453,946,554,664.75,664.75,0,0
Adult8,I-VT filter,Middle.jpg,4723,7,Fixation,1453,940,555,664,664,0,0
Adult8,I-VT filter,Middle.jpg,4726,7,Fixation,1453,945,553,664.57,664.57,0,0
Adult8,I-VT filter,Middle.jpg,4729,7,Fixation,1453,949,558,664.92,664.92,0,0
Adult8,I-VT filter,Middle.jpg,4733,7,Fixation,1453,946,551,664.57,664.57,0,0
Adult8,I-VT filter,Middle.jpg,4736,7,Fixation,1453,944,557,664.55,664.55,0,0
Adult8,I-VT filter,Middle.jpg,4739,7,Fixation,1453,946,545,664.12,664.12,0,0
Adult8,I-VT filter,Middle.jpg,4743,7,Fixation,1453,947,552,664.21,664.21,0,0
Adult8,I-VT filter,Middle.jpg,4746,7,Fixation,1453,947,552,664.23,664.23,0,0
Adult8,I-VT filter,Middle.jpg,4749,7,Fixation,1453,952,552,664.07,664.07,0,0
Adult8,I-VT filter,Middle.jpg,4753,7,Fixation,1453,948,559,664.06,664.06,0,0
Adult8,I-VT filter,Middle.jpg,4756,7,Fixation,1453,949,548,663.74,663.74,0,0
Adult8,I-VT filter,Middle.jpg,4759,7,Fixation,1453,950,542,664.53,664.53,0,0
Adult8,I-VT filter,Middle.jpg,4763,7,Fixation,1453,951,555,664.56,664.56,0,0
Adult8,I-VT filter,Middle.jpg,4766,7,Fixation,1453,944,556,665.03,665.03,0,0
Adult8,I-VT filter,Middle.jpg,4769,7,Fixation,1453,945,555,664.7,664.7,0,0
Adult8,I-VT filter,Middle.jpg,4773,7,Fixation,1453,951,556,664.56,664.56,0,0
Adult8,I-VT filter,Middle.jpg,4776,7,Fixation,1453,942,549,664.52,664.52,0,0
Adult8,I-VT filter,Middle.jpg,4779,7,Fixation,1453,940,546,664.63,664.63,0,0
Adult8,I-VT filter,Middle.jpg,4783,7,Fixation,1453,945,554,664.55,664.55,0,0
Adult8,I-VT filter,Middle.jpg,4786,7,Fixation,1453,950,556,664.85,664.85,0,0
Adult8,I-VT filter,Middle.jpg,4789,7,Fixation,1453,948,561,664.73,664.73,0,0
Adult8,I-VT filter,Middle.jpg,4793,7,Fixation,1453,951,552,664.75,664.75,0,0
Adult8,I-VT filter,Middle.jpg,4796,7,Fixation,1453,953,553,663.86,663.86,0,0
Adult8,I-VT filter,Middle.jpg,4799,7,Fixation,1453,948,557,664.71,664.71,0,0
Adult8,I-VT filter,Middle.jpg,4803,7,Fixation,1453,946,553,663.64,663.64,0,0
Adult8,I-VT filter,Middle.jpg,4806,7,Fixation,1453,951,552,664.36,664.36,0,0
Adult8,I-VT filter,Middle.jpg,4809,7,Fixation,1453,949,554,664.32,664.32,0,0
Adult8,I-VT filter,Middle.jpg,4813,7,Fixation,1453,944,549,664.29,664.29,0,0
Adult8,I-VT filter,Middle.jpg,4816,7,Fixation,1453,945,553,664.16,664.16,0,0
Adult8,I-VT filter,Middle.jpg,4819,7,Fixation,1453,943,555,664.19,664.19,0,0
Adult8,I-VT filter,Middle.jpg,4823,7,Fixation,1453,943,549,663.99,663.99,0,0
Adult8,I-VT filter,Middle.jpg,4826,7,Fixation,1453,950,554,664.36,664.36,0,0
Adult8,I-VT filter,Middle.jpg,4829,7,Fixation,1453,947,558,664.58,664.58,0,0
Adult8,I-VT filter,Middle.jpg,4833,7,Fixation,1453,951,552,664.51,664.51,0,0
Adult8,I-VT filter,Middle.jpg,4836,7,Fixation,1453,945,562,665.07,665.07,0,0
Adult8,I-VT filter,Middle.jpg,4839,7,Fixation,1453,950,555,664.92,664.92,0,0
Adult8,I-VT filter,Middle.jpg,4843,7,Fixation,1453,953,550,664.69,664.69,0,0
Adult8,I-VT filter,Middle.jpg,4846,7,Fixation,1453,944,547,664.17,664.17,0,0
Adult8,I-VT filter,Middle.jpg,4849,7,Fixation,1453,946,554,664.14,664.14,0,0
Adult8,I-VT filter,Middle.jpg,4853,7,Fixation,1453,947,556,663.89,663.89,0,0
Adult8,I-VT filter,Middle.jpg,4856,7,Fixation,1453,944,558,663.94,663.94,0,0
Adult8,I-VT filter,Middle.jpg,4859,7,Fixation,1453,950,554,662.94,662.94,0,0
Adult8,I-VT filter,Middle.jpg,4863,7,Fixation,1453,949,553,663.74,663.74,0,0
Adult8,I-VT filter,Middle.jpg,4866,7,Fixation,1453,950,557,663.47,663.47,0,0
Adult8,I-VT filter,Middle.jpg,4869,7,Fixation,1453,948,547,663.82,663.82,0,0
Adult8,I-VT filter,Middle.jpg,4873,7,Fixation,1453,941,555,663.62,663.62,0,0
Adult8,I-VT filter,Middle.jpg,4876,7,Fixation,1453,940,560,664.03,664.03,0,0
Adult8,I-VT filter,Middle.jpg,4879,7,Fixation,1453,947,555,664.3,664.3,0,0
Adult8,I-VT filter,Middle.jpg,4883,7,Fixation,1453,948,550,663.65,663.65,0,0
Adult8,I-VT filter,Middle.jpg,4886,7,Fixation,1453,950,557,663.71,663.71,0,0
Adult8,I-VT filter,Middle.jpg,4889,7,Fixation,1453,945,555,663.79,663.79,0,0
Adult8,I-VT filter,Middle.jpg,4893,7,Fixation,1453,948,550,664.06,664.06,0,0
Adult8,I-VT filter,Middle.jpg,4896,7,Fixation,1453,937,548,663.89,663.89,0,0
Adult8,I-VT filter,Middle.jpg,4899,7,Fixation,1453,951,554,663.66,663.66,0,0
Adult8,I-VT filter,Middle.jpg,4902,7,Fixation,1453,946,553,663.65,663.65,0,0
Adult8,I-VT filter,Middle.jpg,4906,7,Fixation,1453,938,549,664.06,664.06,0,0
Adult8,I-VT filter,Middle.jpg,4909,7,Fixation,1453,948,551,663.98,663.98,0,0
Adult8,I-VT filter,Middle.jpg,4913,7,Fixation,1453,936,545,664.12,664.12,0,0
Adult8,I-VT filter,Middle.jpg,4916,7,Fixation,1453,948,543,664.33,664.33,0,0
Adult8,I-VT filter,Middle.jpg,4919,7,Fixation,1453,946,544,664,664,0,0
Adult8,I-VT filter,Middle.jpg,4923,7,Fixation,1453,948,548,663.57,663.57,0,0
Adult8,I-VT filter,Middle.jpg,4926,7,Fixation,1453,942,546,664.15,664.15,0,0
Adult8,I-VT filter,Middle.jpg,4929,7,Fixation,1453,952,557,663.65,663.65,0,0
Adult8,I-VT filter,Middle.jpg,4933,7,Fixation,1453,948,554,664.29,664.29,0,0
Adult8,I-VT filter,Middle.jpg,4936,7,Fixation,1453,947,556,664.1,664.1,0,0
Adult8,I-VT filter,Middle.jpg,4939,7,Fixation,1453,948,555,664.09,664.09,0,0
Adult8,I-VT filter,Middle.jpg,4943,7,Fixation,1453,949,552,663.88,663.88,0,0
Adult8,I-VT filter,Middle.jpg,4946,7,Fixation,1453,948,556,663.92,663.92,0,0
Adult8,I-VT filter,Middle.jpg,4949,7,Fixation,1453,946,553,663.96,663.96,0,0
Adult8,I-VT filter,Middle.jpg,4953,7,Fixation,1453,948,553,663.94,663.94,0,0
Adult8,I-VT filter,Middle.jpg,4956,7,Fixation,1453,952,550,663.78,663.78,0,0
Adult8,I-VT filter,Middle.jpg,4959,7,Fixation,1453,945,556,663.84,663.84,0,0
Adult8,I-VT filter,Middle.jpg,4963,7,Fixation,1453,943,561,663.98,663.98,0,0
Adult8,I-VT filter,Middle.jpg,4966,7,Fixation,1453,951,561,663.51,663.51,0,0
Adult8,I-VT filter,Middle.jpg,4969,7,Fixation,1453,944,553,663.64,663.64,0,0
Adult8,I-VT filter,Middle.jpg,4973,7,Fixation,1453,952,551,663.3,663.3,0,0
Adult8,I-VT filter,Middle.jpg,4976,7,Fixation,1453,939,549,663.55,663.55,0,0
Adult8,I-VT filter,Middle.jpg,4979,7,Fixation,1453,944,557,663.41,663.41,0,0
Adult8,I-VT filter,Middle.jpg,4983,7,Fixation,1453,943,556,663.71,663.71,0,0
Adult8,I-VT filter,Middle.jpg,4986,7,Fixation,1453,950,555,663.53,663.53,0,0
Adult8,I-VT filter,Middle.jpg,4989,7,Fixation,1453,942,550,662.91,662.91,0,0
Adult8,I-VT filter,Middle.jpg,4993,7,Fixation,1453,946,556,662.94,662.94,0,0
Adult8,I-VT filter,Middle.jpg,4996,7,Fixation,1453,949,551,663.46,663.46,0,0
Adult8,I-VT filter,Middle.jpg,4999,7,Fixation,1453,949,564,663.05,663.05,0,0
Adult8,I-VT filter,Middle.jpg,5003,7,Fixation,1453,951,556,662.93,662.93,0,0
Adult8,I-VT filter,Middle.jpg,5006,7,Fixation,1453,949,556,663.14,663.14,0,0
Adult8,I-VT filter,Middle.jpg,5009,7,Fixation,1453,948,556,663.21,663.21,0,0
Adult8,I-VT filter,Middle.jpg,5013,7,Fixation,1453,949,557,663.24,663.24,0,0
Adult8,I-VT filter,Middle.jpg,5016,7,Fixation,1453,951,553,663.05,663.05,0,0
Adult8,I-VT filter,Middle.jpg,5019,7,Fixation,1453,941,552,662.96,662.96,0,0
Adult8,I-VT filter,Middle.jpg,5023,7,Fixation,1453,946,559,662.89,662.89,0,0
Adult8,I-VT filter,Middle.jpg,5026,7,Fixation,1453,944,555,663.34,663.34,0,0
Adult8,I-VT filter,Middle.jpg,5029,7,Fixation,1453,942,554,662.77,662.77,0,0
Adult8,I-VT filter,Middle.jpg,5032,7,Fixation,1453,943,554,663.29,663.29,0,0
Adult8,I-VT filter,Middle.jpg,5036,7,Fixation,1453,946,551,663.07,663.07,0,0
Adult8,I-VT filter,Middle.jpg,5039,7,Fixation,1453,936,554,662.79,662.79,0,0
Adult8,I-VT filter,Middle.jpg,5042,7,Fixation,1453,951,548,663.11,663.11,0,0
Adult8,I-VT filter,Middle.jpg,5046,7,Fixation,1453,940,539,663.77,663.77,0,0
Adult8,I-VT filter,Middle.jpg,5049,7,Fixation,1453,945,545,663.64,663.64,0,0
Adult8,I-VT filter,Middle.jpg,5053,7,Fixation,1453,942,549,663.51,663.51,0,0
Adult8,I-VT filter,Middle.jpg,5056,7,Fixation,1453,946,548,663.7,663.7,0,0
Adult8,I-VT filter,Middle.jpg,5059,7,Fixation,1453,943,554,663.49,663.49,0,0
Adult8,I-VT filter,Middle.jpg,5063,7,Fixation,1453,940,554,663.69,663.69,0,0
Adult8,I-VT filter,Middle.jpg,5066,7,Fixation,1453,942,543,664.4,664.4,0,0
Adult8,I-VT filter,Middle.jpg,5069,7,Fixation,1453,936,541,664.24,664.24,0,0
Adult8,I-VT filter,Middle.jpg,5072,7,Fixation,1453,949,542,664.31,664.31,0,0
Adult8,I-VT filter,Middle.jpg,5076,7,Fixation,1453,944,540,664.1,664.1,0,0
Adult8,I-VT filter,Middle.jpg,5079,7,Fixation,1453,947,541,664.37,664.37,0,0
Adult8,I-VT filter,Middle.jpg,5083,7,Fixation,1453,945,555,664.48,664.48,0,0
Adult8,I-VT filter,Middle.jpg,5086,7,Fixation,1453,941,554,664.43,664.43,0,0
Adult8,I-VT filter,Middle.jpg,5089,7,Fixation,1453,948,551,664.01,664.01,0,0
Adult8,I-VT filter,Middle.jpg,5093,7,Fixation,1453,940,545,664.55,664.55,0,0
Adult8,I-VT filter,Middle.jpg,5096,7,Fixation,1453,941,547,664.52,664.52,0,0
Adult8,I-VT filter,Middle.jpg,5099,7,Fixation,1453,936,542,664.39,664.39,0,0
Adult8,I-VT filter,Middle.jpg,5102,7,Fixation,1453,937,547,664.14,664.14,0,0
Adult8,I-VT filter,Middle.jpg,5106,7,Fixation,1453,938,546,664.03,664.03,0,0
Adult8,I-VT filter,Middle.jpg,5109,7,Fixation,1453,941,552,664.66,664.66,0,0
Adult8,I-VT filter,Middle.jpg,5112,7,Fixation,1453,944,548,664.42,664.42,0,0
Adult8,I-VT filter,Middle.jpg,5116,7,Fixation,1453,942,545,664.9,664.9,0,0
Adult8,I-VT filter,Middle.jpg,5119,7,Fixation,1453,944,550,665.85,665.85,0,0
Adult8,I-VT filter,Middle.jpg,5123,7,Fixation,1453,948,547,665.49,665.49,0,0
Adult8,I-VT filter,Middle.jpg,5126,7,Fixation,1453,942,546,665.55,665.55,0,0
Adult8,I-VT filter,Middle.jpg,5129,7,Fixation,1453,948,552,664.95,664.95,0,0
Adult8,I-VT filter,Middle.jpg,5132,7,Fixation,1453,953,547,665.35,665.35,0,0
Adult8,I-VT filter,Middle.jpg,5136,7,Fixation,1453,943,551,665.2,665.2,0,0
Adult8,I-VT filter,Middle.jpg,5139,7,Fixation,1453,939,546,664.77,664.77,0,0
Adult8,I-VT filter,Middle.jpg,5142,7,Fixation,1453,947,547,664.93,664.93,0,0
Adult8,I-VT filter,Middle.jpg,5146,7,Fixation,1453,942,549,664.89,664.89,0,0
Adult8,I-VT filter,Middle.jpg,5149,7,Fixation,1453,946,553,664.73,664.73,0,0
Adult8,I-VT filter,Middle.jpg,5153,7,Fixation,1453,951,551,664.52,664.52,0,0
Adult8,I-VT filter,Middle.jpg,5156,7,Fixation,1453,946,555,664.41,664.41,0,0
Adult8,I-VT filter,Middle.jpg,5159,7,Fixation,1453,944,554,664.9,664.9,0,0
Adult8,I-VT filter,Middle.jpg,5163,7,Fixation,1453,944,553,665.08,665.08,0,0
Adult8,I-VT filter,Middle.jpg,5166,7,Fixation,1453,945,565,664.27,664.27,0,0
Adult8,I-VT filter,Middle.jpg,5169,7,Fixation,1453,952,553,663.91,663.91,0,0
Adult8,I-VT filter,Middle.jpg,5172,7,Fixation,1453,944,563,664.01,664.01,0,0
Adult8,I-VT filter,Middle.jpg,5176,7,Fixation,1453,940,553,664.47,664.47,0,0
Adult8,I-VT filter,Middle.jpg,5179,7,Fixation,1453,939,551,665.08,665.08,0,0
Adult8,I-VT filter,Middle.jpg,5182,7,Fixation,1453,941,549,664.23,664.23,0,0
Adult8,I-VT filter,Middle.jpg,5186,7,Fixation,1453,946,551,663.97,663.97,0,0
Adult8,I-VT filter,Middle.jpg,5189,7,Fixation,1453,948,555,664.17,664.17,0,0
Adult8,I-VT filter,Middle.jpg,5193,7,Fixation,1453,948,553,664.61,664.61,0,0
Adult8,I-VT filter,Middle.jpg,5196,7,Fixation,1453,949,557,665.67,665.67,0,0
Adult8,I-VT filter,Middle.jpg,5199,7,Fixation,1453,941,544,665.31,665.31,0,0
Adult8,I-VT filter,Middle.jpg,5202,7,Fixation,1453,939,540,666.14,666.14,0,0
Adult8,I-VT filter,Middle.jpg,5206,7,Fixation,1453,944,550,664.91,664.91,0,0
Adult8,I-VT filter,Middle.jpg,5209,7,Fixation,1453,944,552,665.17,665.17,0,0
Adult8,I-VT filter,Middle.jpg,5212,7,Fixation,1453,949,555,664.72,664.72,0,0
Adult8,I-VT filter,Middle.jpg,5216,7,Fixation,1453,940,546,665.04,665.04,0,0
Adult8,I-VT filter,Middle.jpg,5219,7,Fixation,1453,946,551,664.62,664.62,0,0
Adult8,I-VT filter,Middle.jpg,5223,7,Fixation,1453,944,550,664.92,664.92,0,0
Adult8,I-VT filter,Middle.jpg,5226,7,Fixation,1453,938,545,664.48,664.48,0,0
Adult8,I-VT filter,Middle.jpg,5229,7,Fixation,1453,943,546,664.09,664.09,0,0
Adult8,I-VT filter,Middle.jpg,5232,7,Fixation,1453,942,551,664.19,664.19,0,0
Adult8,I-VT filter,Middle.jpg,5236,7,Fixation,1453,945,550,663.96,663.96,0,0
Adult8,I-VT filter,Middle.jpg,5239,7,Fixation,1453,944,550,664.44,664.44,0,0
Adult8,I-VT filter,Middle.jpg,5242,7,Fixation,1453,944,550,664.04,664.04,0,0
Adult8,I-VT filter,Middle.jpg,5246,7,Fixation,1453,943,549,664,664,0,0
Adult8,I-VT filter,Middle.jpg,5249,7,Fixation,1453,946,545,663.52,663.52,0,0
Adult8,I-VT filter,Middle.jpg,5253,7,Fixation,1453,946,546,663.93,663.93,0,0
Adult8,I-VT filter,Middle.jpg,5256,7,Fixation,1453,938,547,663.46,663.46,0,0
Adult8,I-VT filter,Middle.jpg,5259,7,Fixation,1453,944,555,663.29,663.29,0,0
Adult8,I-VT filter,Middle.jpg,5262,7,Fixation,1453,945,549,663.11,663.11,0,0
Adult8,I-VT filter,Middle.jpg,5266,7,Fixation,1453,947,545,663.72,663.72,0,0
Adult8,I-VT filter,Middle.jpg,5269,7,Fixation,1453,941,550,663.89,663.89,0,0
Adult8,I-VT filter,Middle.jpg,5272,7,Fixation,1453,942,551,663.78,663.78,0,0
Adult8,I-VT filter,Middle.jpg,5276,7,Fixation,1453,944,547,664.07,664.07,0,0
Adult8,I-VT filter,Middle.jpg,5279,7,Fixation,1453,944,539,663.9,663.9,0,0
Adult8,I-VT filter,Middle.jpg,5282,7,Fixation,1453,947,550,663.91,663.91,0,0
Adult8,I-VT filter,Middle.jpg,5286,7,Fixation,1453,934,546,663.5,663.5,0,0
Adult8,I-VT filter,Middle.jpg,5289,7,Fixation,1453,948,547,663.9,663.9,0,0
Adult8,I-VT filter,Middle.jpg,5292,7,Fixation,1453,942,546,663.66,663.66,0,0
Adult8,I-VT filter,Middle.jpg,5296,7,Fixation,1453,947,545,663.81,663.81,0,0
Adult8,I-VT filter,Middle.jpg,5299,7,Fixation,1453,943,549,663.87,663.87,0,0
Adult8,I-VT filter,Middle.jpg,5302,7,Fixation,1453,944,547,663.98,663.98,0,0
Adult8,I-VT filter,Middle.jpg,5306,7,Fixation,1453,944,550,663.92,663.92,0,0
Adult8,I-VT filter,Middle.jpg,5309,7,Fixation,1453,942,558,663.13,663.13,0,0
Adult8,I-VT filter,Middle.jpg,5312,7,Fixation,1453,948,552,664.53,664.53,0,0
Adult8,I-VT filter,Middle.jpg,5316,7,Fixation,1453,951,552,663.74,663.74,0,0
Adult8,I-VT filter,Middle.jpg,5319,7,Fixation,1453,941,553,663.41,663.41,0,0
Adult8,I-VT filter,Middle.jpg,5323,7,Fixation,1453,939,554,663.73,663.73,0,0
Adult8,I-VT filter,Middle.jpg,5326,7,Fixation,1453,942,547,663.38,663.38,0,0
Adult8,I-VT filter,Middle.jpg,5329,7,Fixation,1453,949,549,664.61,664.61,0,0
Adult8,I-VT filter,Middle.jpg,5332,7,Fixation,1453,948,552,664.06,664.06,0,0
Adult8,I-VT filter,Middle.jpg,5336,7,Fixation,1453,943,549,664.34,664.34,0,0
Adult8,I-VT filter,Middle.jpg,5339,7,Fixation,1453,944,548,664.21,664.21,0,0
Adult8,I-VT filter,Middle.jpg,5342,7,Fixation,1453,948,557,663.61,663.61,0,0
Adult8,I-VT filter,Middle.jpg,5346,7,Fixation,1453,944,542,664.62,664.62,0,0
Adult8,I-VT filter,Middle.jpg,5349,7,Fixation,1453,949,548,664.35,664.35,0,0
Adult8,I-VT filter,Middle.jpg,5352,7,Fixation,1453,941,551,664.98,664.98,0,0
Adult8,I-VT filter,Middle.jpg,5356,7,Fixation,1453,944,549,664.93,664.93,0,0
Adult8,I-VT filter,Middle.jpg,5359,7,Fixation,1453,948,546,664.57,664.57,0,0
Adult8,I-VT filter,Middle.jpg,5362,7,Fixation,1453,939,547,664.6,664.6,0,0
Adult8,I-VT filter,Middle.jpg,5366,7,Fixation,1453,946,540,664.48,664.48,0,0
Adult8,I-VT filter,Middle.jpg,5369,7,Fixation,1453,952,556,664.97,664.97,0,0
Adult8,I-VT filter,Middle.jpg,5372,7,Fixation,1453,948,549,664.67,664.67,0,0
Adult8,I-VT filter,Middle.jpg,5376,7,Fixation,1453,951,546,665.33,665.33,0,0
Adult8,I-VT filter,Middle.jpg,5379,7,Fixation,1453,942,555,664.49,664.49,0,0
Adult8,I-VT filter,Middle.jpg,5382,7,Fixation,1453,946,549,665.03,665.03,0,0
Adult8,I-VT filter,Middle.jpg,5386,7,Fixation,1453,945,551,665.32,665.32,0,0
Adult8,I-VT filter,Middle.jpg,5389,7,Fixation,1453,942,551,665.18,665.18,0,0
Adult8,I-VT filter,Middle.jpg,5393,7,Fixation,1453,945,555,664.6,664.6,0,0
Adult8,I-VT filter,Middle.jpg,5396,7,Fixation,1453,950,548,665.4,665.4,0,0
Adult8,I-VT filter,Middle.jpg,5399,7,Fixation,1453,946,555,664.99,664.99,0,0
Adult8,I-VT filter,Middle.jpg,5402,7,Fixation,1453,944,556,664.75,664.75,0,0
Adult8,I-VT filter,Middle.jpg,5406,7,Fixation,1453,952,553,664.74,664.74,0,0
Adult8,I-VT filter,Middle.jpg,5409,7,Fixation,1453,942,557,665.05,665.05,0,0
Adult8,I-VT filter,Middle.jpg,5412,7,Fixation,1453,949,551,664.55,664.55,0,0
Adult8,I-VT filter,Middle.jpg,5416,7,Fixation,1453,951,552,664.49,664.49,0,0
Adult8,I-VT filter,Middle.jpg,5419,7,Fixation,1453,942,556,664.78,664.78,0,0
Adult8,I-VT filter,Middle.jpg,5422,7,Fixation,1453,945,545,664.79,664.79,0,0
Adult8,I-VT filter,Middle.jpg,5426,7,Fixation,1453,943,549,664.34,664.34,0,0
Adult8,I-VT filter,Middle.jpg,5429,7,Fixation,1453,945,544,664.48,664.48,0,0
Adult8,I-VT filter,Middle.jpg,5432,7,Fixation,1453,940,547,664.64,664.64,0,0
Adult8,I-VT filter,Middle.jpg,5436,7,Fixation,1453,941,544,664.81,664.81,0,0
Adult8,I-VT filter,Middle.jpg,5439,7,Fixation,1453,941,551,664.64,664.64,0,0
Adult8,I-VT filter,Middle.jpg,5442,7,Fixation,1453,944,548,665.18,665.18,0,0
Adult8,I-VT filter,Middle.jpg,5446,7,Fixation,1453,947,554,664.91,664.91,0,0
Adult8,I-VT filter,Middle.jpg,5449,7,Fixation,1453,949,552,664.58,664.58,0,0
Adult8,I-VT filter,Middle.jpg,5452,7,Fixation,1453,945,555,664.53,664.53,0,0
Adult8,I-VT filter,Middle.jpg,5456,7,Fixation,1453,942,561,664.55,664.55,0,0
Adult8,I-VT filter,Middle.jpg,5459,7,Fixation,1453,948,558,665.05,665.05,0,0
Adult8,I-VT filter,Middle.jpg,5462,7,Fixation,1453,946,554,664.54,664.54,0,0
Adult8,I-VT filter,Middle.jpg,5466,7,Fixation,1453,949,548,664.78,664.78,0,0
Adult8,I-VT filter,Middle.jpg,5469,7,Fixation,1453,943,545,665.43,665.43,0,0
Adult8,I-VT filter,Middle.jpg,5472,7,Fixation,1453,941,543,664.59,664.59,0,0
Adult8,I-VT filter,Middle.jpg,5476,7,Fixation,1453,947,555,665.13,665.13,0,0
Adult8,I-VT filter,Middle.jpg,5479,7,Fixation,1453,952,551,664.52,664.52,0,0
Adult8,I-VT filter,Middle.jpg,5482,7,Fixation,1453,948,556,664.94,664.94,0,0
Adult8,I-VT filter,Middle.jpg,5486,7,Fixation,1453,942,550,665.41,665.41,0,0
Adult8,I-VT filter,Middle.jpg,5489,7,Fixation,1453,948,546,664.5,664.5,0,0
Adult8,I-VT filter,Middle.jpg,5493,7,Fixation,1453,946,550,665.56,665.56,0,0
Adult8,I-VT filter,Middle.jpg,5496,7,Fixation,1453,946,547,665.24,665.24,0,0
Adult8,I-VT filter,Middle.jpg,5499,7,Fixation,1453,943,555,664.4,664.4,0,0
Adult8,I-VT filter,Middle.jpg,5502,7,Fixation,1453,947,551,664.83,664.83,0,0
Adult8,I-VT filter,Middle.jpg,5506,7,Fixation,1453,942,548,664.86,664.86,0,0
Adult8,I-VT filter,Middle.jpg,5509,7,Fixation,1453,941,553,665.11,665.11,0,0
Adult8,I-VT filter,Middle.jpg,5512,7,Fixation,1453,941,552,664.49,664.49,0,0
Adult8,I-VT filter,Middle.jpg,5516,7,Fixation,1453,944,553,664.73,664.73,0,0
Adult8,I-VT filter,,5519,7,Fixation,1453,943,546,664.66,664.66,0,0
Adult8,I-VT filter,,5522,7,Fixation,1453,944,551,664.03,664.03,0,0
Adult8,I-VT filter,,5526,7,Fixation,1453,944,551,664.42,664.42,0,0
Adult8,I-VT filter,,5529,7,Fixation,1453,943,545,665.1,665.1,0,0
Adult8,I-VT filter,TopLeft.jpg,5532,7,Fixation,1453,943,550,664.66,664.66,0,0
Adult8,I-VT filter,TopLeft.jpg,5536,7,Fixation,1453,948,545,664.82,664.82,0,0
Adult8,I-VT filter,TopLeft.jpg,5539,7,Fixation,1453,948,545,665.25,665.25,0,0
Adult8,I-VT filter,TopLeft.jpg,5542,7,Fixation,1453,947,553,665.19,665.19,0,0
Adult8,I-VT filter,TopLeft.jpg,5546,7,Fixation,1453,951,551,665.76,665.76,0,0
Adult8,I-VT filter,TopLeft.jpg,5549,7,Fixation,1453,943,546,665.94,665.94,0,0
Adult8,I-VT filter,TopLeft.jpg,5552,7,Fixation,1453,953,542,664.93,664.93,0,0
Adult8,I-VT filter,TopLeft.jpg,5556,7,Fixation,1453,946,551,664.6,664.6,0,0
Adult8,I-VT filter,TopLeft.jpg,5559,7,Fixation,1453,947,549,664.84,664.84,0,0
Adult8,I-VT filter,TopLeft.jpg,5562,7,Fixation,1453,940,545,664.84,664.84,0,0
Adult8,I-VT filter,TopLeft.jpg,5566,7,Fixation,1453,945,547,665.11,665.11,0,0
Adult8,I-VT filter,TopLeft.jpg,5569,7,Fixation,1453,948,555,664.97,664.97,0,0
Adult8,I-VT filter,TopLeft.jpg,5572,7,Fixation,1453,947,549,664.92,664.92,0,0
Adult8,I-VT filter,TopLeft.jpg,5576,7,Fixation,1453,945,548,665.21,665.21,0,0
Adult8,I-VT filter,TopLeft.jpg,5579,7,Fixation,1453,947,549,665.26,665.26,0,0
Adult8,I-VT filter,TopLeft.jpg,5582,7,Fixation,1453,948,553,664.8,664.8,0,0
Adult8,I-VT filter,TopLeft.jpg,5586,7,Fixation,1453,944,550,664.21,664.21,0,0
Adult8,I-VT filter,TopLeft.jpg,5589,7,Fixation,1453,949,550,664.98,664.98,0,0
Adult8,I-VT filter,TopLeft.jpg,5592,7,Fixation,1453,941,553,664.61,664.61,0,0
Adult8,I-VT filter,TopLeft.jpg,5596,7,Fixation,1453,947,551,664.83,664.83,0,0
Adult8,I-VT filter,TopLeft.jpg,5599,7,Fixation,1453,946,548,664.56,664.56,0,0
Adult8,I-VT filter,TopLeft.jpg,5602,7,Fixation,1453,943,537,664.68,664.68,0,0
Adult8,I-VT filter,TopLeft.jpg,5606,7,Fixation,1453,946,549,664.76,664.76,0,0
Adult8,I-VT filter,TopLeft.jpg,5609,7,Fixation,1453,938,547,664.65,664.65,0,0
Adult8,I-VT filter,TopLeft.jpg,5612,7,Fixation,1453,939,546,664.66,664.66,0,0
Adult8,I-VT filter,TopLeft.jpg,5616,7,Fixation,1453,946,552,664.86,664.86,0,0
Adult8,I-VT filter,TopLeft.jpg,5619,7,Fixation,1453,943,554,664.26,664.26,0,0
Adult8,I-VT filter,TopLeft.jpg,5622,7,Fixation,1453,945,558,664.59,664.59,0,0
Adult8,I-VT filter,TopLeft.jpg,5626,7,Fixation,1453,943,546,664.61,664.61,0,0
Adult8,I-VT filter,TopLeft.jpg,5629,7,Fixation,1453,950,547,664.71,664.71,0,0
Adult8,I-VT filter,TopLeft.jpg,5632,7,Fixation,1453,946,548,664.17,664.17,0,0
Adult8,I-VT filter,TopLeft.jpg,5636,7,Fixation,1453,948,548,664.22,664.22,0,0
Adult8,I-VT filter,TopLeft.jpg,5639,7,Fixation,1453,936,551,664.78,664.78,0,0
Adult8,I-VT filter,TopLeft.jpg,5642,7,Fixation,1453,950,551,664.61,664.61,0,0
Adult8,I-VT filter,TopLeft.jpg,5646,7,Fixation,1453,941,547,664.97,664.97,0,0
Adult8,I-VT filter,TopLeft.jpg,5649,7,Fixation,1453,941,549,664.49,664.49,0,0
Adult8,I-VT filter,TopLeft.jpg,5652,7,Fixation,1453,949,553,664.46,664.46,0,0
Adult8,I-VT filter,TopLeft.jpg,5656,7,Fixation,1453,944,550,664.12,664.12,0,0
Adult8,I-VT filter,TopLeft.jpg,5659,7,Fixation,1453,945,553,664.25,664.25,0,0
Adult8,I-VT filter,TopLeft.jpg,5662,7,Fixation,1453,945,545,664.53,664.53,0,0
Adult8,I-VT filter,TopLeft.jpg,5666,7,Fixation,1453,942,544,664.59,664.59,0,0
Adult8,I-VT filter,TopLeft.jpg,5669,7,Fixation,1453,951,551,664.34,664.34,0,0
Adult8,I-VT filter,TopLeft.jpg,5672,7,Fixation,1453,941,546,664.05,664.05,0,0
Adult8,I-VT filter,TopLeft.jpg,5676,7,Fixation,1453,944,550,664.25,664.25,0,0
Adult8,I-VT filter,TopLeft.jpg,5679,7,Fixation,1453,945,552,664.56,664.56,0,0
Adult8,I-VT filter,TopLeft.jpg,5682,7,Fixation,1453,941,549,664.39,664.39,0,0
Adult8,I-VT filter,TopLeft.jpg,5686,7,Fixation,1453,945,556,664.45,664.45,0,0
Adult8,I-VT filter,TopLeft.jpg,5689,7,Fixation,1453,942,557,663.85,663.85,0,0
Adult8,I-VT filter,TopLeft.jpg,5692,7,Fixation,1453,944,557,664.16,664.16,0,0
Adult8,I-VT filter,TopLeft.jpg,5696,7,Fixation,1453,942,554,663.99,663.99,0,0
Adult8,I-VT filter,TopLeft.jpg,5699,7,Fixation,1453,944,547,663.66,663.66,0,0
Adult8,I-VT filter,TopLeft.jpg,5702,7,Fixation,1453,946,546,663.63,663.63,0,0
Adult8,I-VT filter,TopLeft.jpg,5706,7,Fixation,1453,943,551,663.64,663.64,0,0
Adult8,I-VT filter,TopLeft.jpg,5709,7,Fixation,1453,938,548,664.29,664.29,0,0
Adult8,I-VT filter,TopLeft.jpg,5712,7,Fixation,1453,943,547,664.28,664.28,0,0
Adult8,I-VT filter,TopLeft.jpg,5716,7,Fixation,1453,946,544,663.86,663.86,0,0
Adult8,I-VT filter,TopLeft.jpg,5719,7,Fixation,1453,943,545,663.94,663.94,0,0
Adult8,I-VT filter,TopLeft.jpg,5722,7,Fixation,1453,942,552,664.06,664.06,0,0
Adult8,I-VT filter,TopLeft.jpg,5726,7,Fixation,1453,949,545,663.57,663.57,0,0
Adult8,I-VT filter,TopLeft.jpg,5729,7,Fixation,1453,943,551,664.49,664.49,0,0
Adult8,I-VT filter,TopLeft.jpg,5732,7,Fixation,1453,935,547,664.12,664.12,0,0
Adult8,I-VT filter,TopLeft.jpg,5736,7,Fixation,1453,946,550,663.96,663.96,0,0
Adult8,I-VT filter,TopLeft.jpg,5739,,Saccade,57,948,549,664.67,664.67,0,0
Adult8,I-VT filter,TopLeft.jpg,5742,,Saccade,57,939,550,665.44,665.44,0,0
Adult8,I-VT filter,TopLeft.jpg,5746,,Saccade,57,935,543,665.14,665.14,0,0
Adult8,I-VT filter,TopLeft.jpg,5749,,Saccade,57,909,532,664.54,664.54,0,0
Adult8,I-VT filter,TopLeft.jpg,5752,,Saccade,57,882,514,664.96,664.96,0,0
Adult8,I-VT filter,TopLeft.jpg,5756,,Saccade,57,853,500,660.17,660.17,0,0
Adult8,I-VT filter,TopLeft.jpg,5759,,Saccade,57,812,479,655.54,655.54,0,0
Adult8,I-VT filter,TopLeft.jpg,5762,,Saccade,57,771,468,657.97,657.97,0,0
Adult8,I-VT filter,TopLeft.jpg,5766,,Saccade,57,728,442,656.15,656.15,0,0
Adult8,I-VT filter,TopLeft.jpg,5769,,Saccade,57,690,412,659.82,659.82,0,0
Adult8,I-VT filter,TopLeft.jpg,5772,,Saccade,57,639,391,658.48,658.48,0,0
Adult8,I-VT filter,TopLeft.jpg,5776,,Saccade,57,604,347,663.81,663.81,0,0
Adult8,I-VT filter,TopLeft.jpg,5779,,Saccade,57,555,323,666.08,666.08,0,0
Adult8,I-VT filter,TopLeft.jpg,5782,,Saccade,57,521,310,670,670,0,0
Adult8,I-VT filter,TopLeft.jpg,5786,,Saccade,57,497,280,674.21,674.21,0,0
Adult8,I-VT filter,TopLeft.jpg,5789,,Saccade,57,476,279,673.38,673.38,0,0
Adult8,I-VT filter,TopLeft.jpg,5792,,Saccade,57,473,272,675.06,675.06,0,0
Adult8,I-VT filter,TopLeft.jpg,5796,,Unclassified,3,480,268,677.44,677.44,0,0
Adult8,I-VT filter,TopLeft.jpg,5799,,Saccade,10,489,259,676.39,676.39,0,0
Adult8,I-VT filter,TopLeft.jpg,5802,,Saccade,10,502,278,666.93,666.93,0,0
Adult8,I-VT filter,TopLeft.jpg,5806,,Saccade,10,500,279,667.92,667.92,0,0
Adult8,I-VT filter,TopLeft.jpg,5809,8,Fixation,123,501,281,668.12,668.12,0,0
Adult8,I-VT filter,TopLeft.jpg,5812,8,Fixation,123,495,284,667.58,667.58,0,0
Adult8,I-VT filter,TopLeft.jpg,5816,8,Fixation,123,502,278,667.88,667.88,0,0
Adult8,I-VT filter,TopLeft.jpg,5819,8,Fixation,123,500,275,667.77,667.77,0,0
Adult8,I-VT filter,TopLeft.jpg,5822,8,Fixation,123,498,287,667.26,667.26,0,0
Adult8,I-VT filter,TopLeft.jpg,5826,8,Fixation,123,497,279,667.32,667.32,0,0
Adult8,I-VT filter,TopLeft.jpg,5829,8,Fixation,123,499,283,667.36,667.36,0,0
Adult8,I-VT filter,TopLeft.jpg,5832,8,Fixation,123,503,284,667.92,667.92,0,0
Adult8,I-VT filter,TopLeft.jpg,5836,8,Fixation,123,496,286,668.14,668.14,0,0
Adult8,I-VT filter,TopLeft.jpg,5839,8,Fixation,123,493,282,668.69,668.69,0,0
Adult8,I-VT filter,TopLeft.jpg,5842,8,Fixation,123,497,280,669.39,669.39,0,0
Adult8,I-VT filter,TopLeft.jpg,5846,8,Fixation,123,493,284,669.47,669.47,0,0
Adult8,I-VT filter,TopLeft.jpg,5849,8,Fixation,123,497,283,669.15,669.15,0,0
Adult8,I-VT filter,TopLeft.jpg,5852,8,Fixation,123,492,282,669.36,669.36,0,0
Adult8,I-VT filter,TopLeft.jpg,5856,8,Fixation,123,497,278,669.27,669.27,0,0
Adult8,I-VT filter,TopLeft.jpg,5859,8,Fixation,123,504,285,668.68,668.68,0,0
Adult8,I-VT filter,TopLeft.jpg,5862,8,Fixation,123,499,285,668.59,668.59,0,0
Adult8,I-VT filter,TopLeft.jpg,5866,8,Fixation,123,501,286,668.01,668.01,0,0
Adult8,I-VT filter,TopLeft.jpg,5869,8,Fixation,123,502,283,667.8,667.8,0,0
Adult8,I-VT filter,TopLeft.jpg,5872,8,Fixation,123,498,283,667.91,667.91,0,0
Adult8,I-VT filter,TopLeft.jpg,5876,8,Fixation,123,496,282,668.3,668.3,0,0
Adult8,I-VT filter,TopLeft.jpg,5879,8,Fixation,123,503,281,668.38,668.38,0,0
Adult8,I-VT filter,TopLeft.jpg,5882,8,Fixation,123,495,281,669.09,669.09,0,0
Adult8,I-VT filter,TopLeft.jpg,5886,8,Fixation,123,496,282,669.95,669.95,0,0
Adult8,I-VT filter,TopLeft.jpg,5889,8,Fixation,123,501,286,669.98,669.98,0,0
Adult8,I-VT filter,TopLeft.jpg,5892,8,Fixation,123,500,280,670.33,670.33,0,0
Adult8,I-VT filter,TopLeft.jpg,5896,8,Fixation,123,497,276,670.84,670.84,0,0
Adult8,I-VT filter,TopLeft.jpg,5899,8,Fixation,123,502,281,670.64,670.64,0,0
Adult8,I-VT filter,TopLeft.jpg,5902,8,Fixation,123,496,279,670.96,670.96,0,0
Adult8,I-VT filter,TopLeft.jpg,5906,8,Fixation,123,493,283,670.31,670.31,0,0
Adult8,I-VT filter,TopLeft.jpg,5909,8,Fixation,123,499,278,670.51,670.51,0,0
Adult8,I-VT filter,TopLeft.jpg,5912,8,Fixation,123,495,281,669.45,669.45,0,0
Adult8,I-VT filter,TopLeft.jpg,5916,8,Fixation,123,499,279,669.28,669.28,0,0
Adult8,I-VT filter,TopLeft.jpg,5919,8,Fixation,123,493,286,668.6,668.6,0,0
Adult8,I-VT filter,TopLeft.jpg,5922,8,Fixation,123,497,288,667.85,667.85,0,0
Adult8,I-VT filter,TopLeft.jpg,5926,8,Fixation,123,503,292,668.33,668.33,0,0
Adult8,I-VT filter,TopLeft.jpg,5929,8,Fixation,123,497,292,668.98,668.98,0,0
Adult8,I-VT filter,TopLeft.jpg,5932,,Saccade,13,486,289,670.32,670.32,0,0
Adult8,I-VT filter,TopLeft.jpg,5936,,Saccade,13,482,279,672.5,672.5,0,0
Adult8,I-VT filter,TopLeft.jpg,5939,,Saccade,13,471,280,673.26,673.26,0,0
Adult8,I-VT filter,TopLeft.jpg,5942,,Saccade,13,468,262,672.46,672.46,0,0
Adult8,I-VT filter,TopLeft.jpg,5946,9,Fixation,437,468,262,671.69,671.69,0,0
Adult8,I-VT filter,TopLeft.jpg,5949,9,Fixation,437,468,255,671.28,671.28,0,0
Adult8,I-VT filter,TopLeft.jpg,5952,9,Fixation,437,471,261,671.36,671.36,0,0
Adult8,I-VT filter,TopLeft.jpg,5956,9,Fixation,437,476,262,670.4,670.4,0,0
Adult8,I-VT filter,TopLeft.jpg,5959,9,Fixation,437,473,264,670.63,670.63,0,0
Adult8,I-VT filter,TopLeft.jpg,5962,9,Fixation,437,475,263,669.66,669.66,0,0
Adult8,I-VT filter,TopLeft.jpg,5966,9,Fixation,437,471,267,669.94,669.94,0,0
Adult8,I-VT filter,TopLeft.jpg,5969,9,Fixation,437,473,257,669.63,669.63,0,0
Adult8,I-VT filter,TopLeft.jpg,5972,9,Fixation,437,476,260,669.29,669.29,0,0
Adult8,I-VT filter,TopLeft.jpg,5976,9,Fixation,437,475,264,668.5,668.5,0,0
Adult8,I-VT filter,TopLeft.jpg,5979,9,Fixation,437,472,260,668.55,668.55,0,0
Adult8,I-VT filter,TopLeft.jpg,5982,9,Fixation,437,470,274,668.17,668.17,0,0
Adult8,I-VT filter,TopLeft.jpg,5986,9,Fixation,437,469,266,668.06,668.06,0,0
Adult8,I-VT filter,TopLeft.jpg,5989,9,Fixation,437,470,260,668.51,668.51,0,0
Adult8,I-VT filter,TopLeft.jpg,5992,9,Fixation,437,471,253,669.04,669.04,0,0
Adult8,I-VT filter,TopLeft.jpg,5996,9,Fixation,437,466,265,669.39,669.39,0,0
Adult8,I-VT filter,TopLeft.jpg,5999,9,Fixation,437,469,264,669.61,669.61,0,0
Adult8,I-VT filter,TopLeft.jpg,6002,9,Fixation,437,468,256,669.78,669.78,0,0
Adult8,I-VT filter,TopLeft.jpg,6006,9,Fixation,437,468,265,669.73,669.73,0,0
Adult8,I-VT filter,TopLeft.jpg,6009,9,Fixation,437,469,260,669.81,669.81,0,0
Adult8,I-VT filter,TopLeft.jpg,6012,9,Fixation,437,475,266,669.99,669.99,0,0
Adult8,I-VT filter,TopLeft.jpg,6016,9,Fixation,437,468,258,670.31,670.31,0,0
Adult8,I-VT filter,TopLeft.jpg,6019,9,Fixation,437,480,260,670.48,670.48,0,0
Adult8,I-VT filter,TopLeft.jpg,6022,9,Fixation,437,473,256,670.44,670.44,0,0
Adult8,I-VT filter,TopLeft.jpg,6026,9,Fixation,437,471,267,670.45,670.45,0,0
Adult8,I-VT filter,TopLeft.jpg,6029,9,Fixation,437,474,267,669.8,669.8,0,0
Adult8,I-VT filter,TopLeft.jpg,6032,9,Fixation,437,471,263,670.2,670.2,0,0
Adult8,I-VT filter,TopLeft.jpg,6036,9,Fixation,437,471,268,670.26,670.26,0,0
Adult8,I-VT filter,TopLeft.jpg,6039,9,Fixation,437,471,262,669.61,669.61,0,0
Adult8,I-VT filter,TopLeft.jpg,6042,9,Fixation,437,474,266,669.46,669.46,0,0
Adult8,I-VT filter,TopLeft.jpg,6046,9,Fixation,437,473,261,669.49,669.49,0,0
Adult8,I-VT filter,TopLeft.jpg,6049,9,Fixation,437,472,255,669.67,669.67,0,0
Adult8,I-VT filter,TopLeft.jpg,6052,9,Fixation,437,473,271,669.12,669.12,0,0
Adult8,I-VT filter,TopLeft.jpg,6056,9,Fixation,437,466,268,668.86,668.86,0,0
Adult8,I-VT filter,TopLeft.jpg,6059,9,Fixation,437,480,271,668.6,668.6,0,0
Adult8,I-VT filter,TopLeft.jpg,6062,9,Fixation,437,472,272,669.06,669.06,0,0
Adult8,I-VT filter,TopLeft.jpg,6066,9,Fixation,437,474,269,669.29,669.29,0,0
Adult8,I-VT filter,TopLeft.jpg,6069,9,Fixation,437,472,264,668.96,668.96,0,0
Adult8,I-VT filter,TopLeft.jpg,6072,9,Fixation,437,473,261,668.96,668.96,0,0
Adult8,I-VT filter,TopLeft.jpg,6076,9,Fixation,437,468,274,668.54,668.54,0,0
Adult8,I-VT filter,TopLeft.jpg,6079,9,Fixation,437,468,270,668.62,668.62,0,0
Adult8,I-VT filter,TopLeft.jpg,6082,9,Fixation,437,468,270,669.08,669.08,0,0
Adult8,I-VT filter,TopLeft.jpg,6086,9,Fixation,437,468,275,668.99,668.99,0,0
Adult8,I-VT filter,TopLeft.jpg,6089,9,Fixation,437,469,276,668.93,668.93,0,0
Adult8,I-VT filter,TopLeft.jpg,6092,9,Fixation,437,472,266,668.82,668.82,0,0
Adult8,I-VT filter,TopLeft.jpg,6096,9,Fixation,437,478,267,669.48,669.48,0,0
Adult8,I-VT filter,TopLeft.jpg,6099,9,Fixation,437,472,264,669.38,669.38,0,0
Adult8,I-VT filter,TopLeft.jpg,6102,9,Fixation,437,473,264,669.57,669.57,0,0
Adult8,I-VT filter,TopLeft.jpg,6106,9,Fixation,437,467,256,669.56,669.56,0,0
Adult8,I-VT filter,TopLeft.jpg,6109,9,Fixation,437,471,266,669.69,669.69,0,0
Adult8,I-VT filter,TopLeft.jpg,6112,9,Fixation,437,471,259,669.47,669.47,0,0
Adult8,I-VT filter,TopLeft.jpg,6116,9,Fixation,437,473,264,670.02,670.02,0,0
Adult8,I-VT filter,TopLeft.jpg,6119,9,Fixation,437,469,261,669.68,669.68,0,0
Adult8,I-VT filter,TopLeft.jpg,6122,9,Fixation,437,472,255,669.51,669.51,0,0
Adult8,I-VT filter,TopLeft.jpg,6126,9,Fixation,437,469,256,669.69,669.69,0,0
Adult8,I-VT filter,TopLeft.jpg,6129,9,Fixation,437,472,265,669.4,669.4,0,0
Adult8,I-VT filter,TopLeft.jpg,6132,9,Fixation,437,470,258,669.59,669.59,0,0
Adult8,I-VT filter,TopLeft.jpg,6136,9,Fixation,437,468,272,669.61,669.61,0,0
Adult8,I-VT filter,TopLeft.jpg,6139,9,Fixation,437,469,274,669.63,669.63,0,0
Adult8,I-VT filter,TopLeft.jpg,6142,9,Fixation,437,474,263,669.55,669.55,0,0
Adult8,I-VT filter,TopLeft.jpg,6146,9,Fixation,437,468,262,669.92,669.92,0,0
Adult8,I-VT filter,TopLeft.jpg,6149,9,Fixation,437,468,266,669.63,669.63,0,0
Adult8,I-VT filter,TopLeft.jpg,6152,9,Fixation,437,470,263,669.51,669.51,0,0
Adult8,I-VT filter,TopLeft.jpg,6156,9,Fixation,437,469,264,669.36,669.36,0,0
Adult8,I-VT filter,TopLeft.jpg,6159,9,Fixation,437,477,267,668.88,668.88,0,0
Adult8,I-VT filter,TopLeft.jpg,6162,9,Fixation,437,470,261,669.77,669.77,0,0
Adult8,I-VT filter,TopLeft.jpg,6166,9,Fixation,437,475,267,669.13,669.13,0,0
Adult8,I-VT filter,TopLeft.jpg,6169,9,Fixation,437,471,266,668.6,668.6,0,0
Adult8,I-VT filter,TopLeft.jpg,6172,9,Fixation,437,475,265,668.32,668.32,0,0
Adult8,I-VT filter,TopLeft.jpg,6176,9,Fixation,437,478,264,668.34,668.34,0,0
Adult8,I-VT filter,TopLeft.jpg,6179,9,Fixation,437,473,271,668.13,668.13,0,0
Adult8,I-VT filter,TopLeft.jpg,6182,9,Fixation,437,474,274,667.85,667.85,0,0
Adult8,I-VT filter,TopLeft.jpg,6186,9,Fixation,437,468,273,667.95,667.95,0,0
Adult8,I-VT filter,TopLeft.jpg,6189,9,Fixation,437,477,260,667.79,667.79,0,0
Adult8,I-VT filter,TopLeft.jpg,6192,9,Fixation,437,469,264,667.24,667.24,0,0
Adult8,I-VT filter,TopLeft.jpg,6196,9,Fixation,437,477,269,666.77,666.77,0,0
Adult8,I-VT filter,TopLeft.jpg,6199,9,Fixation,437,476,267,666.95,666.95,0,0
Adult8,I-VT filter,TopLeft.jpg,6202,9,Fixation,437,469,276,666.6,666.6,0,0
Adult8,I-VT filter,TopLeft.jpg,6206,9,Fixation,437,476,271,666.02,666.02,0,0
Adult8,I-VT filter,TopLeft.jpg,6209,9,Fixation,437,475,272,666.36,666.36,0,0
Adult8,I-VT filter,TopLeft.jpg,6212,9,Fixation,437,475,269,666.36,666.36,0,0
Adult8,I-VT filter,TopLeft.jpg,6216,9,Fixation,437,471,274,665.96,665.96,0,0
Adult8,I-VT filter,TopLeft.jpg,6219,9,Fixation,437,462,273,666.03,666.03,0,0
Adult8,I-VT filter,TopLeft.jpg,6222,9,Fixation,437,477,270,666.24,666.24,0,0
Adult8,I-VT filter,TopLeft.jpg,6226,9,Fixation,437,473,277,666.33,666.33,0,0
Adult8,I-VT filter,TopLeft.jpg,6229,9,Fixation,437,471,266,667.26,667.26,0,0
Adult8,I-VT filter,TopLeft.jpg,6232,9,Fixation,437,474,266,667.36,667.36,0,0
Adult8,I-VT filter,TopLeft.jpg,6236,9,Fixation,437,472,269,666.99,666.99,0,0
Adult8,I-VT filter,TopLeft.jpg,6239,9,Fixation,437,473,271,666.81,666.81,0,0
Adult8,I-VT filter,TopLeft.jpg,6242,9,Fixation,437,468,268,667.78,667.78,0,0
Adult8,I-VT filter,TopLeft.jpg,6246,9,Fixation,437,479,267,666.91,666.91,0,0
Adult8,I-VT filter,TopLeft.jpg,6249,9,Fixation,437,477,271,667.35,667.35,0,0
Adult8,I-VT filter,TopLeft.jpg,6252,9,Fixation,437,475,260,666.75,666.75,0,0
Adult8,I-VT filter,TopLeft.jpg,6256,9,Fixation,437,472,266,667.26,667.26,0,0
Adult8,I-VT filter,TopLeft.jpg,6259,9,Fixation,437,479,258,667.55,667.55,0,0
Adult8,I-VT filter,TopLeft.jpg,6262,9,Fixation,437,472,275,667.33,667.33,0,0
Adult8,I-VT filter,TopLeft.jpg,6266,9,Fixation,437,475,272,667.37,667.37,0,0
Adult8,I-VT filter,TopLeft.jpg,6269,9,Fixation,437,481,261,667.69,667.69,0,0
Adult8,I-VT filter,TopLeft.jpg,6272,9,Fixation,437,474,274,667.3,667.3,0,0
Adult8,I-VT filter,TopLeft.jpg,6276,9,Fixation,437,474,262,667.67,667.67,0,0
Adult8,I-VT filter,TopLeft.jpg,6279,9,Fixation,437,472,262,667.84,667.84,0,0
Adult8,I-VT filter,TopLeft.jpg,6282,9,Fixation,437,475,268,668.37,668.37,0,0
Adult8,I-VT filter,TopLeft.jpg,6286,9,Fixation,437,473,270,668.17,668.17,0,0
Adult8,I-VT filter,TopLeft.jpg,6289,9,Fixation,437,477,275,667.76,667.76,0,0
Adult8,I-VT filter,TopLeft.jpg,6292,9,Fixation,437,468,263,667.9,667.9,0,0
Adult8,I-VT filter,TopLeft.jpg,6296,9,Fixation,437,475,265,668.05,668.05,0,0
Adult8,I-VT filter,TopLeft.jpg,6299,9,Fixation,437,472,269,667.69,667.69,0,0
Adult8,I-VT filter,TopLeft.jpg,6302,9,Fixation,437,475,266,668,668,0,0
Adult8,I-VT filter,TopLeft.jpg,6306,9,Fixation,437,472,266,668.23,668.23,0,0
Adult8,I-VT filter,TopLeft.jpg,6309,9,Fixation,437,474,263,667.77,667.77,0,0
Adult8,I-VT filter,TopLeft.jpg,6312,9,Fixation,437,474,267,668.13,668.13,0,0
Adult8,I-VT filter,TopLeft.jpg,6316,9,Fixation,437,475,269,667.91,667.91,0,0
Adult8,I-VT filter,TopLeft.jpg,6319,9,Fixation,437,474,264,667.79,667.79,0,0
Adult8,I-VT filter,TopLeft.jpg,6322,9,Fixation,437,475,268,667.91,667.91,0,0
Adult8,I-VT filter,TopLeft.jpg,6326,9,Fixation,437,477,274,667.39,667.39,0,0
Adult8,I-VT filter,TopLeft.jpg,6329,9,Fixation,437,473,276,667.87,667.87,0,0
Adult8,I-VT filter,TopLeft.jpg,6332,9,Fixation,437,472,267,667.86,667.86,0,0
Adult8,I-VT filter,TopLeft.jpg,6336,9,Fixation,437,466,263,667.75,667.75,0,0
Adult8,I-VT filter,TopLeft.jpg,6339,9,Fixation,437,474,270,667.84,667.84,0,0
Adult8,I-VT filter,TopLeft.jpg,6342,9,Fixation,437,470,266,667.83,667.83,0,0
Adult8,I-VT filter,TopLeft.jpg,6346,9,Fixation,437,470,272,667.94,667.94,0,0
Adult8,I-VT filter,TopLeft.jpg,6349,9,Fixation,437,476,263,667.69,667.69,0,0
Adult8,I-VT filter,TopLeft.jpg,6352,9,Fixation,437,473,263,667.71,667.71,0,0
Adult8,I-VT filter,TopLeft.jpg,6356,9,Fixation,437,479,268,667.32,667.32,0,0
Adult8,I-VT filter,TopLeft.jpg,6359,9,Fixation,437,473,269,667.1,667.1,0,0
Adult8,I-VT filter,TopLeft.jpg,6362,9,Fixation,437,474,274,667.15,667.15,0,0
Adult8,I-VT filter,TopLeft.jpg,6366,9,Fixation,437,473,273,667.07,667.07,0,0
Adult8,I-VT filter,TopLeft.jpg,6369,9,Fixation,437,476,270,665.93,665.93,0,0
Adult8,I-VT filter,TopLeft.jpg,6372,9,Fixation,437,467,273,666.58,666.58,0,0
Adult8,I-VT filter,TopLeft.jpg,6376,9,Fixation,437,465,262,668.41,668.41,0,0
Adult8,I-VT filter,TopLeft.jpg,6379,9,Fixation,437,467,255,670.06,670.06,0,0
Adult8,I-VT filter,TopLeft.jpg,6382,,Saccade,3,467,257,670.59,670.59,0,0
Adult8,I-VT filter,TopLeft.jpg,6386,10,Fixation,1376,472,253,670.65,670.65,0,0
Adult8,I-VT filter,TopLeft.jpg,6389,10,Fixation,1376,476,255,671.03,671.03,0,0
Adult8,I-VT filter,TopLeft.jpg,6392,10,Fixation,1376,471,242,670.98,670.98,0,0
Adult8,I-VT filter,TopLeft.jpg,6396,10,Fixation,1376,467,254,670.96,670.96,0,0
Adult8,I-VT filter,TopLeft.jpg,6399,10,Fixation,1376,465,257,671.08,671.08,0,0
Adult8,I-VT filter,TopLeft.jpg,6402,10,Fixation,1376,466,250,671.19,671.19,0,0
Adult8,I-VT filter,TopLeft.jpg,6406,10,Fixation,1376,469,256,671.38,671.38,0,0
Adult8,I-VT filter,TopLeft.jpg,6409,10,Fixation,1376,465,246,671.05,671.05,0,0
Adult8,I-VT filter,TopLeft.jpg,6412,10,Fixation,1376,465,250,670.71,670.71,0,0
Adult8,I-VT filter,TopLeft.jpg,6416,10,Fixation,1376,468,258,670.3,670.3,0,0
Adult8,I-VT filter,TopLeft.jpg,6419,10,Fixation,1376,464,248,670.13,670.13,0,0
Adult8,I-VT filter,TopLeft.jpg,6422,10,Fixation,1376,466,252,669.9,669.9,0,0
Adult8,I-VT filter,TopLeft.jpg,6426,10,Fixation,1376,472,258,669.75,669.75,0,0
Adult8,I-VT filter,TopLeft.jpg,6429,10,Fixation,1376,470,246,669.81,669.81,0,0
Adult8,I-VT filter,TopLeft.jpg,6432,10,Fixation,1376,473,251,669.5,669.5,0,0
Adult8,I-VT filter,TopLeft.jpg,6436,10,Fixation,1376,471,258,669.42,669.42,0,0
Adult8,I-VT filter,TopLeft.jpg,6439,10,Fixation,1376,468,258,669.37,669.37,0,0
Adult8,I-VT filter,TopLeft.jpg,6442,10,Fixation,1376,468,258,668.76,668.76,0,0
Adult8,I-VT filter,TopLeft.jpg,6446,10,Fixation,1376,470,242,668.96,668.96,0,0
Adult8,I-VT filter,TopLeft.jpg,6449,10,Fixation,1376,468,260,669.04,669.04,0,0
Adult8,I-VT filter,TopLeft.jpg,6452,10,Fixation,1376,469,248,669.5,669.5,0,0
Adult8,I-VT filter,TopLeft.jpg,6456,10,Fixation,1376,465,257,669.68,669.68,0,0
Adult8,I-VT filter,TopLeft.jpg,6459,10,Fixation,1376,467,258,669.83,669.83,0,0
Adult8,I-VT filter,TopLeft.jpg,6462,10,Fixation,1376,465,256,669.72,669.72,0,0
Adult8,I-VT filter,TopLeft.jpg,6466,10,Fixation,1376,465,253,669.84,669.84,0,0
Adult8,I-VT filter,TopLeft.jpg,6469,10,Fixation,1376,467,256,669.99,669.99,0,0
Adult8,I-VT filter,TopLeft.jpg,6472,10,Fixation,1376,473,256,670.18,670.18,0,0
Adult8,I-VT filter,TopLeft.jpg,6476,10,Fixation,1376,471,255,669.79,669.79,0,0
Adult8,I-VT filter,TopLeft.jpg,6479,10,Fixation,1376,473,253,670.15,670.15,0,0
Adult8,I-VT filter,TopLeft.jpg,6482,10,Fixation,1376,467,262,670.44,670.44,0,0
Adult8,I-VT filter,TopLeft.jpg,6486,10,Fixation,1376,468,258,670.3,670.3,0,0
Adult8,I-VT filter,TopLeft.jpg,6489,10,Fixation,1376,469,246,670.45,670.45,0,0
Adult8,I-VT filter,TopLeft.jpg,6492,10,Fixation,1376,476,253,670.75,670.75,0,0
Adult8,I-VT filter,TopLeft.jpg,6496,10,Fixation,1376,468,250,670.42,670.42,0,0
Adult8,I-VT filter,TopLeft.jpg,6499,10,Fixation,1376,466,252,670.11,670.11,0,0
Adult8,I-VT filter,TopLeft.jpg,6502,10,Fixation,1376,469,251,670.18,670.18,0,0
Adult8,I-VT filter,TopLeft.jpg,6506,10,Fixation,1376,469,250,670.21,670.21,0,0
Adult8,I-VT filter,TopLeft.jpg,6509,10,Fixation,1376,475,249,670.01,670.01,0,0
Adult8,I-VT filter,TopLeft.jpg,6512,10,Fixation,1376,472,253,669.95,669.95,0,0
Adult8,I-VT filter,TopLeft.jpg,6516,10,Fixation,1376,466,249,669.66,669.66,0,0
Adult8,I-VT filter,TopLeft.jpg,6519,10,Fixation,1376,472,257,669.13,669.13,0,0
Adult8,I-VT filter,TopLeft.jpg,6522,10,Fixation,1376,467,252,668.41,668.41,0,0
Adult8,I-VT filter,TopLeft.jpg,6526,10,Fixation,1376,473,261,668.15,668.15,0,0
Adult8,I-VT filter,TopLeft.jpg,6529,10,Fixation,1376,472,263,668.58,668.58,0,0
Adult8,I-VT filter,TopLeft.jpg,6532,10,Fixation,1376,469,253,668.31,668.31,0,0
Adult8,I-VT filter,TopLeft.jpg,6536,10,Fixation,1376,476,256,668.78,668.78,0,0
Adult8,I-VT filter,TopLeft.jpg,6539,10,Fixation,1376,465,265,668.64,668.64,0,0
Adult8,I-VT filter,TopLeft.jpg,6542,10,Fixation,1376,465,260,668.67,668.67,0,0
Adult8,I-VT filter,TopLeft.jpg,6546,10,Fixation,1376,472,251,668.79,668.79,0,0
Adult8,I-VT filter,TopLeft.jpg,6549,10,Fixation,1376,470,252,669.46,669.46,0,0
Adult8,I-VT filter,TopLeft.jpg,6552,10,Fixation,1376,474,253,669.49,669.49,0,0
Adult8,I-VT filter,TopLeft.jpg,6556,10,Fixation,1376,471,248,669.56,669.56,0,0
Adult8,I-VT filter,TopLeft.jpg,6559,10,Fixation,1376,465,260,669.38,669.38,0,0
Adult8,I-VT filter,TopLeft.jpg,6562,10,Fixation,1376,472,257,669.22,669.22,0,0
Adult8,I-VT filter,TopLeft.jpg,6566,10,Fixation,1376,469,261,669.44,669.44,0,0
Adult8,I-VT filter,TopLeft.jpg,6569,10,Fixation,1376,477,254,670.25,670.25,0,0
Adult8,I-VT filter,TopLeft.jpg,6572,10,Fixation,1376,475,256,669.77,669.77,0,0
Adult8,I-VT filter,TopLeft.jpg,6576,10,Fixation,1376,465,254,669.7,669.7,0,0
Adult8,I-VT filter,TopLeft.jpg,6579,10,Fixation,1376,474,257,669.78,669.78,0,0
Adult8,I-VT filter,TopLeft.jpg,6582,10,Fixation,1376,473,258,669.69,669.69,0,0
Adult8,I-VT filter,TopLeft.jpg,6586,10,Fixation,1376,465,254,669.12,669.12,0,0
Adult8,I-VT filter,TopLeft.jpg,6589,10,Fixation,1376,469,258,668.45,668.45,0,0
Adult8,I-VT filter,TopLeft.jpg,6592,10,Fixation,1376,468,253,668.3,668.3,0,0
Adult8,I-VT filter,TopLeft.jpg,6596,10,Fixation,1376,465,256,667.87,667.87,0,0
Adult8,I-VT filter,TopLeft.jpg,6599,10,Fixation,1376,467,252,667.18,667.18,0,0
Adult8,I-VT filter,TopLeft.jpg,6602,10,Fixation,1376,470,260,667.03,667.03,0,0
Adult8,I-VT filter,TopLeft.jpg,6606,10,Fixation,1376,470,249,667.06,667.06,0,0
Adult8,I-VT filter,TopLeft.jpg,6609,10,Fixation,1376,471,259,666.88,666.88,0,0
Adult8,I-VT filter,TopLeft.jpg,6612,10,Fixation,1376,458,260,667.41,667.41,0,0
Adult8,I-VT filter,TopLeft.jpg,6616,10,Fixation,1376,468,255,666.82,666.82,0,0
Adult8,I-VT filter,TopLeft.jpg,6619,10,Fixation,1376,464,254,666.97,666.97,0,0
Adult8,I-VT filter,TopLeft.jpg,6622,10,Fixation,1376,470,262,667.31,667.31,0,0
Adult8,I-VT filter,TopLeft.jpg,6626,10,Fixation,1376,471,265,668.07,668.07,0,0
Adult8,I-VT filter,TopLeft.jpg,6629,10,Fixation,1376,469,257,668.13,668.13,0,0
Adult8,I-VT filter,TopLeft.jpg,6632,10,Fixation,1376,471,252,668.35,668.35,0,0
Adult8,I-VT filter,TopLeft.jpg,6636,10,Fixation,1376,470,257,669.05,669.05,0,0
Adult8,I-VT filter,TopLeft.jpg,6639,10,Fixation,1376,471,259,669.24,669.24,0,0
Adult8,I-VT filter,TopLeft.jpg,6642,10,Fixation,1376,463,258,669.43,669.43,0,0
Adult8,I-VT filter,TopLeft.jpg,6646,10,Fixation,1376,463,257,669.25,669.25,0,0
Adult8,I-VT filter,TopLeft.jpg,6649,10,Fixation,1376,465,257,669.08,669.08,0,0
Adult8,I-VT filter,TopLeft.jpg,6652,10,Fixation,1376,468,256,669,669,0,0
Adult8,I-VT filter,TopLeft.jpg,6656,10,Fixation,1376,468,253,669.58,669.58,0,0
Adult8,I-VT filter,TopLeft.jpg,6659,10,Fixation,1376,468,252,669.44,669.44,0,0
Adult8,I-VT filter,TopLeft.jpg,6662,10,Fixation,1376,473,266,669.42,669.42,0,0
Adult8,I-VT filter,TopLeft.jpg,6666,10,Fixation,1376,468,261,669.23,669.23,0,0
Adult8,I-VT filter,TopLeft.jpg,6669,10,Fixation,1376,467,255,669.2,669.2,0,0
Adult8,I-VT filter,TopLeft.jpg,6672,10,Fixation,1376,465,254,668.63,668.63,0,0
Adult8,I-VT filter,TopLeft.jpg,6676,10,Fixation,1376,466,260,667.85,667.85,0,0
Adult8,I-VT filter,TopLeft.jpg,6679,10,Fixation,1376,473,260,667.6,667.6,0,0
Adult8,I-VT filter,TopLeft.jpg,6682,10,Fixation,1376,464,253,667.94,667.94,0,0
Adult8,I-VT filter,TopLeft.jpg,6686,10,Fixation,1376,467,267,667.83,667.83,0,0
Adult8,I-VT filter,TopLeft.jpg,6689,10,Fixation,1376,467,260,667.46,667.46,0,0
Adult8,I-VT filter,TopLeft.jpg,6692,10,Fixation,1376,469,257,667.54,667.54,0,0
Adult8,I-VT filter,TopLeft.jpg,6696,10,Fixation,1376,470,266,667.1,667.1,0,0
Adult8,I-VT filter,TopLeft.jpg,6699,10,Fixation,1376,471,253,667.41,667.41,0,0
Adult8,I-VT filter,TopLeft.jpg,6702,10,Fixation,1376,470,269,667.21,667.21,0,0
Adult8,I-VT filter,TopLeft.jpg,6706,10,Fixation,1376,468,262,667.49,667.49,0,0
Adult8,I-VT filter,TopLeft.jpg,6709,10,Fixation,1376,470,259,668.09,668.09,0,0
Adult8,I-VT filter,TopLeft.jpg,6712,10,Fixation,1376,468,261,668.24,668.24,0,0
Adult8,I-VT filter,TopLeft.jpg,6716,10,Fixation,1376,472,260,667.67,667.67,0,0
Adult8,I-VT filter,TopLeft.jpg,6719,10,Fixation,1376,476,260,668.43,668.43,0,0
Adult8,I-VT filter,TopLeft.jpg,6722,10,Fixation,1376,479,266,668.25,668.25,0,0
Adult8,I-VT filter,TopLeft.jpg,6726,10,Fixation,1376,468,260,669.07,669.07,0,0
Adult8,I-VT filter,TopLeft.jpg,6729,10,Fixation,1376,470,259,668.23,668.23,0,0
Adult8,I-VT filter,TopLeft.jpg,6732,10,Fixation,1376,470,254,668.53,668.53,0,0
Adult8,I-VT filter,TopLeft.jpg,6736,10,Fixation,1376,465,251,668.49,668.49,0,0
Adult8,I-VT filter,TopLeft.jpg,6739,10,Fixation,1376,468,259,668.94,668.94,0,0
Adult8,I-VT filter,TopLeft.jpg,6742,10,Fixation,1376,470,262,668.65,668.65,0,0
Adult8,I-VT filter,TopLeft.jpg,6746,10,Fixation,1376,465,258,668.59,668.59,0,0
Adult8,I-VT filter,TopLeft.jpg,6749,10,Fixation,1376,474,265,668.74,668.74,0,0
Adult8,I-VT filter,TopLeft.jpg,6752,10,Fixation,1376,476,264,669.1,669.1,0,0
Adult8,I-VT filter,TopLeft.jpg,6756,10,Fixation,1376,467,263,668.61,668.61,0,0
Adult8,I-VT filter,TopLeft.jpg,6759,10,Fixation,1376,473,260,668.69,668.69,0,0
Adult8,I-VT filter,TopLeft.jpg,6762,10,Fixation,1376,470,259,668.89,668.89,0,0
Adult8,I-VT filter,TopLeft.jpg,6766,10,Fixation,1376,464,258,668.44,668.44,0,0
Adult8,I-VT filter,TopLeft.jpg,6769,10,Fixation,1376,469,267,668.41,668.41,0,0
Adult8,I-VT filter,TopLeft.jpg,6772,10,Fixation,1376,470,256,668.7,668.7,0,0
Adult8,I-VT filter,TopLeft.jpg,6776,10,Fixation,1376,466,264,668.2,668.2,0,0
Adult8,I-VT filter,TopLeft.jpg,6779,10,Fixation,1376,460,259,668.69,668.69,0,0
Adult8,I-VT filter,TopLeft.jpg,6782,10,Fixation,1376,473,261,667.82,667.82,0,0
Adult8,I-VT filter,TopLeft.jpg,6786,10,Fixation,1376,476,259,668.26,668.26,0,0
Adult8,I-VT filter,TopLeft.jpg,6789,10,Fixation,1376,468,252,668.02,668.02,0,0
Adult8,I-VT filter,TopLeft.jpg,6792,10,Fixation,1376,476,265,668,668,0,0
Adult8,I-VT filter,TopLeft.jpg,6796,10,Fixation,1376,468,260,668.18,668.18,0,0
Adult8,I-VT filter,TopLeft.jpg,6799,10,Fixation,1376,466,261,667.72,667.72,0,0
Adult8,I-VT filter,TopLeft.jpg,6802,10,Fixation,1376,466,259,667.9,667.9,0,0
Adult8,I-VT filter,TopLeft.jpg,6806,10,Fixation,1376,470,260,668.08,668.08,0,0
Adult8,I-VT filter,TopLeft.jpg,6809,10,Fixation,1376,469,259,668.08,668.08,0,0
Adult8,I-VT filter,TopLeft.jpg,6812,10,Fixation,1376,477,257,668.38,668.38,0,0
Adult8,I-VT filter,TopLeft.jpg,6816,10,Fixation,1376,472,249,668.48,668.48,0,0
Adult8,I-VT filter,TopLeft.jpg,6819,10,Fixation,1376,469,260,668.68,668.68,0,0
Adult8,I-VT filter,TopLeft.jpg,6822,10,Fixation,1376,468,264,669.25,669.25,0,0
Adult8,I-VT filter,TopLeft.jpg,6826,10,Fixation,1376,471,265,668.83,668.83,0,0
Adult8,I-VT filter,TopLeft.jpg,6829,10,Fixation,1376,467,258,669.46,669.46,0,0
Adult8,I-VT filter,TopLeft.jpg,6832,10,Fixation,1376,470,259,669.06,669.06,0,0
Adult8,I-VT filter,TopLeft.jpg,6836,10,Fixation,1376,470,263,669.2,669.2,0,0
Adult8,I-VT filter,TopLeft.jpg,6839,10,Fixation,1376,466,257,668.91,668.91,0,0
Adult8,I-VT filter,TopLeft.jpg,6842,10,Fixation,1376,470,256,668.98,668.98,0,0
Adult8,I-VT filter,TopLeft.jpg,6846,10,Fixation,1376,473,259,668.85,668.85,0,0
Adult8,I-VT filter,TopLeft.jpg,6849,10,Fixation,1376,474,257,669.21,669.21,0,0
Adult8,I-VT filter,TopLeft.jpg,6852,10,Fixation,1376,472,258,669.22,669.22,0,0
Adult8,I-VT filter,TopLeft.jpg,6855,10,Fixation,1376,476,259,669.67,669.67,0,0
Adult8,I-VT filter,TopLeft.jpg,6859,10,Fixation,1376,464,255,669.48,669.48,0,0
Adult8,I-VT filter,TopLeft.jpg,6862,10,Fixation,1376,471,258,669.63,669.63,0,0
Adult8,I-VT filter,TopLeft.jpg,6866,10,Fixation,1376,466,264,669.73,669.73,0,0
Adult8,I-VT filter,TopLeft.jpg,6869,10,Fixation,1376,470,250,669.69,669.69,0,0
Adult8,I-VT filter,TopLeft.jpg,6872,10,Fixation,1376,467,256,670.06,670.06,0,0
Adult8,I-VT filter,TopLeft.jpg,6876,10,Fixation,1376,465,265,669.71,669.71,0,0
Adult8,I-VT filter,TopLeft.jpg,6879,10,Fixation,1376,473,259,669.77,669.77,0,0
Adult8,I-VT filter,TopLeft.jpg,6882,10,Fixation,1376,465,257,670.13,670.13,0,0
Adult8,I-VT filter,TopLeft.jpg,6886,10,Fixation,1376,465,262,670.17,670.17,0,0
Adult8,I-VT filter,TopLeft.jpg,6889,10,Fixation,1376,467,257,670.02,670.02,0,0
Adult8,I-VT filter,TopLeft.jpg,6892,10,Fixation,1376,462,265,670.01,670.01,0,0
Adult8,I-VT filter,TopLeft.jpg,6896,10,Fixation,1376,472,247,670.08,670.08,0,0
Adult8,I-VT filter,TopLeft.jpg,6899,10,Fixation,1376,467,264,669.51,669.51,0,0
Adult8,I-VT filter,TopLeft.jpg,6902,10,Fixation,1376,468,257,669.77,669.77,0,0
Adult8,I-VT filter,TopLeft.jpg,6906,10,Fixation,1376,471,260,669.64,669.64,0,0
Adult8,I-VT filter,TopLeft.jpg,6909,10,Fixation,1376,473,262,669.56,669.56,0,0
Adult8,I-VT filter,TopLeft.jpg,6912,10,Fixation,1376,472,256,670.08,670.08,0,0
Adult8,I-VT filter,TopLeft.jpg,6916,10,Fixation,1376,464,260,670.1,670.1,0,0
Adult8,I-VT filter,TopLeft.jpg,6919,10,Fixation,1376,465,257,669.89,669.89,0,0
Adult8,I-VT filter,TopLeft.jpg,6922,10,Fixation,1376,463,261,669.85,669.85,0,0
Adult8,I-VT filter,TopLeft.jpg,6926,10,Fixation,1376,461,255,669.39,669.39,0,0
Adult8,I-VT filter,TopLeft.jpg,6929,10,Fixation,1376,467,252,669.62,669.62,0,0
Adult8,I-VT filter,TopLeft.jpg,6932,10,Fixation,1376,469,263,669.05,669.05,0,0
Adult8,I-VT filter,TopLeft.jpg,6936,10,Fixation,1376,473,258,669.45,669.45,0,0
Adult8,I-VT filter,TopLeft.jpg,6939,10,Fixation,1376,465,259,669.58,669.58,0,0
Adult8,I-VT filter,TopLeft.jpg,6942,10,Fixation,1376,467,258,669.28,669.28,0,0
Adult8,I-VT filter,TopLeft.jpg,6946,10,Fixation,1376,467,265,669.28,669.28,0,0
Adult8,I-VT filter,TopLeft.jpg,6949,10,Fixation,1376,464,253,669.07,669.07,0,0
Adult8,I-VT filter,TopLeft.jpg,6952,10,Fixation,1376,470,254,669.16,669.16,0,0
Adult8,I-VT filter,TopLeft.jpg,6956,10,Fixation,1376,469,262,669.34,669.34,0,0
Adult8,I-VT filter,TopLeft.jpg,6959,10,Fixation,1376,467,261,668.52,668.52,0,0
Adult8,I-VT filter,TopLeft.jpg,6962,10,Fixation,1376,467,253,668.68,668.68,0,0
Adult8,I-VT filter,TopLeft.jpg,6966,10,Fixation,1376,467,259,669.02,669.02,0,0
Adult8,I-VT filter,TopLeft.jpg,6969,10,Fixation,1376,467,258,668.54,668.54,0,0
Adult8,I-VT filter,TopLeft.jpg,6972,10,Fixation,1376,463,254,669.15,669.15,0,0
Adult8,I-VT filter,TopLeft.jpg,6976,10,Fixation,1376,475,267,668.6,668.6,0,0
Adult8,I-VT filter,TopLeft.jpg,6979,10,Fixation,1376,466,256,668.65,668.65,0,0
Adult8,I-VT filter,TopLeft.jpg,6982,10,Fixation,1376,463,262,668.48,668.48,0,0
Adult8,I-VT filter,TopLeft.jpg,6986,10,Fixation,1376,471,263,668.85,668.85,0,0
Adult8,I-VT filter,TopLeft.jpg,6989,10,Fixation,1376,469,259,668.85,668.85,0,0
Adult8,I-VT filter,TopLeft.jpg,6992,10,Fixation,1376,467,262,668.76,668.76,0,0
Adult8,I-VT filter,TopLeft.jpg,6996,10,Fixation,1376,464,258,668.45,668.45,0,0
Adult8,I-VT filter,TopLeft.jpg,6999,10,Fixation,1376,462,248,669.31,669.31,0,0
Adult8,I-VT filter,TopLeft.jpg,7002,10,Fixation,1376,463,257,668.63,668.63,0,0
Adult8,I-VT filter,TopLeft.jpg,7006,10,Fixation,1376,468,248,668.44,668.44,0,0
Adult8,I-VT filter,TopLeft.jpg,7009,10,Fixation,1376,461,263,668.46,668.46,0,0
Adult8,I-VT filter,TopLeft.jpg,7012,10,Fixation,1376,470,256,668.35,668.35,0,0
Adult8,I-VT filter,TopLeft.jpg,7016,10,Fixation,1376,469,262,668.81,668.81,0,0
Adult8,I-VT filter,TopLeft.jpg,7019,10,Fixation,1376,463,253,668.83,668.83,0,0
Adult8,I-VT filter,TopLeft.jpg,7022,10,Fixation,1376,472,256,668.3,668.3,0,0
Adult8,I-VT filter,TopLeft.jpg,7025,10,Fixation,1376,468,261,667.95,667.95,0,0
Adult8,I-VT filter,TopLeft.jpg,7029,10,Fixation,1376,464,265,667.83,667.83,0,0
Adult8,I-VT filter,TopLeft.jpg,7032,10,Fixation,1376,472,265,668.02,668.02,0,0
Adult8,I-VT filter,TopLeft.jpg,7036,10,Fixation,1376,467,255,668.3,668.3,0,0
Adult8,I-VT filter,TopLeft.jpg,7039,10,Fixation,1376,466,262,668.16,668.16,0,0
Adult8,I-VT filter,TopLeft.jpg,7042,10,Fixation,1376,458,265,668.45,668.45,0,0
Adult8,I-VT filter,TopLeft.jpg,7046,10,Fixation,1376,462,261,667.79,667.79,0,0
Adult8,I-VT filter,TopLeft.jpg,7049,10,Fixation,1376,466,261,668.22,668.22,0,0
Adult8,I-VT filter,TopLeft.jpg,7052,10,Fixation,1376,454,262,668.48,668.48,0,0
Adult8,I-VT filter,TopLeft.jpg,7055,10,Fixation,1376,459,263,668.53,668.53,0,0
Adult8,I-VT filter,TopLeft.jpg,7059,10,Fixation,1376,469,255,669.15,669.15,0,0
Adult8,I-VT filter,TopLeft.jpg,7062,10,Fixation,1376,468,259,668.72,668.72,0,0
Adult8,I-VT filter,TopLeft.jpg,7066,10,Fixation,1376,471,260,668.48,668.48,0,0
Adult8,I-VT filter,TopLeft.jpg,7069,10,Fixation,1376,467,266,668.24,668.24,0,0
Adult8,I-VT filter,TopLeft.jpg,7072,10,Fixation,1376,471,258,668.62,668.62,0,0
Adult8,I-VT filter,TopLeft.jpg,7076,10,Fixation,1376,466,254,668.37,668.37,0,0
Adult8,I-VT filter,TopLeft.jpg,7079,10,Fixation,1376,466,263,668.21,668.21,0,0
Adult8,I-VT filter,TopLeft.jpg,7082,10,Fixation,1376,471,259,668.81,668.81,0,0
Adult8,I-VT filter,TopLeft.jpg,7086,10,Fixation,1376,462,258,668.17,668.17,0,0
Adult8,I-VT filter,TopLeft.jpg,7089,10,Fixation,1376,472,254,668.71,668.71,0,0
Adult8,I-VT filter,TopLeft.jpg,7092,10,Fixation,1376,466,259,669.25,669.25,0,0
Adult8,I-VT filter,TopLeft.jpg,7095,10,Fixation,1376,466,259,668.87,668.87,0,0
Adult8,I-VT filter,TopLeft.jpg,7099,10,Fixation,1376,475,253,669.08,669.08,0,0
Adult8,I-VT filter,TopLeft.jpg,7102,10,Fixation,1376,467,262,668.81,668.81,0,0
Adult8,I-VT filter,TopLeft.jpg,7106,10,Fixation,1376,476,259,669.2,669.2,0,0
Adult8,I-VT filter,TopLeft.jpg,7109,10,Fixation,1376,464,259,668.9,668.9,0,0
Adult8,I-VT filter,TopLeft.jpg,7112,10,Fixation,1376,462,266,669,669,0,0
Adult8,I-VT filter,TopLeft.jpg,7116,10,Fixation,1376,467,262,669.25,669.25,0,0
Adult8,I-VT filter,TopLeft.jpg,7119,10,Fixation,1376,472,257,669.49,669.49,0,0
Adult8,I-VT filter,TopLeft.jpg,7122,10,Fixation,1376,467,262,669.76,669.76,0,0
Adult8,I-VT filter,TopLeft.jpg,7125,10,Fixation,1376,474,257,669.82,669.82,0,0
Adult8,I-VT filter,TopLeft.jpg,7129,10,Fixation,1376,467,256,670.17,670.17,0,0
Adult8,I-VT filter,TopLeft.jpg,7132,10,Fixation,1376,470,258,670.27,670.27,0,0
Adult8,I-VT filter,TopLeft.jpg,7136,10,Fixation,1376,470,265,670.41,670.41,0,0
Adult8,I-VT filter,TopLeft.jpg,7139,10,Fixation,1376,469,258,670.74,670.74,0,0
Adult8,I-VT filter,TopLeft.jpg,7142,10,Fixation,1376,470,259,670.51,670.51,0,0
Adult8,I-VT filter,TopLeft.jpg,7146,10,Fixation,1376,466,262,670.3,670.3,0,0
Adult8,I-VT filter,TopLeft.jpg,7149,10,Fixation,1376,468,254,670.37,670.37,0,0
Adult8,I-VT filter,TopLeft.jpg,7152,10,Fixation,1376,464,260,670.56,670.56,0,0
Adult8,I-VT filter,TopLeft.jpg,7155,10,Fixation,1376,468,256,670.28,670.28,0,0
Adult8,I-VT filter,TopLeft.jpg,7159,10,Fixation,1376,466,258,669.95,669.95,0,0
Adult8,I-VT filter,TopLeft.jpg,7162,10,Fixation,1376,466,261,669.73,669.73,0,0
Adult8,I-VT filter,TopLeft.jpg,7165,10,Fixation,1376,476,258,669.35,669.35,0,0
Adult8,I-VT filter,TopLeft.jpg,7169,10,Fixation,1376,465,260,669.56,669.56,0,0
Adult8,I-VT filter,TopLeft.jpg,7172,10,Fixation,1376,471,260,669.55,669.55,0,0
Adult8,I-VT filter,TopLeft.jpg,7176,10,Fixation,1376,464,255,669.11,669.11,0,0
Adult8,I-VT filter,TopLeft.jpg,7179,10,Fixation,1376,469,265,669.56,669.56,0,0
Adult8,I-VT filter,TopLeft.jpg,7182,10,Fixation,1376,473,264,668.74,668.74,0,0
Adult8,I-VT filter,TopLeft.jpg,7185,10,Fixation,1376,474,268,669.28,669.28,0,0
Adult8,I-VT filter,TopLeft.jpg,7189,10,Fixation,1376,473,262,668.25,668.25,0,0
Adult8,I-VT filter,TopLeft.jpg,7192,10,Fixation,1376,473,256,668.05,668.05,0,0
Adult8,I-VT filter,TopLeft.jpg,7195,10,Fixation,1376,472,256,668.76,668.76,0,0
Adult8,I-VT filter,TopLeft.jpg,7199,10,Fixation,1376,467,259,668.28,668.28,0,0
Adult8,I-VT filter,TopLeft.jpg,7202,10,Fixation,1376,476,259,668.22,668.22,0,0
Adult8,I-VT filter,TopLeft.jpg,7206,10,Fixation,1376,470,269,668.36,668.36,0,0
Adult8,I-VT filter,TopLeft.jpg,7209,10,Fixation,1376,474,259,668.52,668.52,0,0
Adult8,I-VT filter,TopLeft.jpg,7212,10,Fixation,1376,473,264,667.47,667.47,0,0
Adult8,I-VT filter,TopLeft.jpg,7215,10,Fixation,1376,472,256,667.4,667.4,0,0
Adult8,I-VT filter,TopLeft.jpg,7219,10,Fixation,1376,466,265,667.49,667.49,0,0
Adult8,I-VT filter,TopLeft.jpg,7222,10,Fixation,1376,470,263,667.55,667.55,0,0
Adult8,I-VT filter,TopLeft.jpg,7225,10,Fixation,1376,471,264,666.86,666.86,0,0
Adult8,I-VT filter,TopLeft.jpg,7229,10,Fixation,1376,470,256,666.5,666.5,0,0
Adult8,I-VT filter,TopLeft.jpg,7232,10,Fixation,1376,465,260,666.88,666.88,0,0
Adult8,I-VT filter,TopLeft.jpg,7236,10,Fixation,1376,467,274,666.67,666.67,0,0
Adult8,I-VT filter,TopLeft.jpg,7239,10,Fixation,1376,477,265,666.6,666.6,0,0
Adult8,I-VT filter,TopLeft.jpg,7242,10,Fixation,1376,467,266,666.83,666.83,0,0
Adult8,I-VT filter,TopLeft.jpg,7246,10,Fixation,1376,471,259,666.7,666.7,0,0
Adult8,I-VT filter,TopLeft.jpg,7249,10,Fixation,1376,477,267,666.18,666.18,0,0
Adult8,I-VT filter,TopLeft.jpg,7252,10,Fixation,1376,466,263,666.38,666.38,0,0
Adult8,I-VT filter,TopLeft.jpg,7255,10,Fixation,1376,471,267,666.84,666.84,0,0
Adult8,I-VT filter,TopLeft.jpg,7259,10,Fixation,1376,472,268,666.34,666.34,0,0
Adult8,I-VT filter,TopLeft.jpg,7262,10,Fixation,1376,468,262,666.41,666.41,0,0
Adult8,I-VT filter,TopLeft.jpg,7265,10,Fixation,1376,475,274,666.63,666.63,0,0
Adult8,I-VT filter,TopLeft.jpg,7269,10,Fixation,1376,476,266,667,667,0,0
Adult8,I-VT filter,TopLeft.jpg,7272,10,Fixation,1376,474,257,666.75,666.75,0,0
Adult8,I-VT filter,TopLeft.jpg,7276,10,Fixation,1376,465,266,667.07,667.07,0,0
Adult8,I-VT filter,TopLeft.jpg,7279,10,Fixation,1376,472,265,666.47,666.47,0,0
Adult8,I-VT filter,TopLeft.jpg,7282,10,Fixation,1376,477,269,666.72,666.72,0,0
Adult8,I-VT filter,TopLeft.jpg,7285,10,Fixation,1376,473,263,666.98,666.98,0,0
Adult8,I-VT filter,TopLeft.jpg,7289,10,Fixation,1376,475,264,666.97,666.97,0,0
Adult8,I-VT filter,TopLeft.jpg,7292,10,Fixation,1376,469,265,666.79,666.79,0,0
Adult8,I-VT filter,TopLeft.jpg,7295,10,Fixation,1376,473,262,666.92,666.92,0,0
Adult8,I-VT filter,TopLeft.jpg,7299,10,Fixation,1376,473,275,667.14,667.14,0,0
Adult8,I-VT filter,TopLeft.jpg,7302,10,Fixation,1376,467,269,667.02,667.02,0,0
Adult8,I-VT filter,TopLeft.jpg,7306,10,Fixation,1376,466,273,666.94,666.94,0,0
Adult8,I-VT filter,TopLeft.jpg,7309,10,Fixation,1376,470,271,667.32,667.32,0,0
Adult8,I-VT filter,TopLeft.jpg,7312,10,Fixation,1376,466,266,667.31,667.31,0,0
Adult8,I-VT filter,TopLeft.jpg,7315,10,Fixation,1376,475,274,667.1,667.1,0,0
Adult8,I-VT filter,TopLeft.jpg,7319,10,Fixation,1376,468,269,667.05,667.05,0,0
Adult8,I-VT filter,TopLeft.jpg,7322,10,Fixation,1376,465,263,666.74,666.74,0,0
Adult8,I-VT filter,TopLeft.jpg,7325,10,Fixation,1376,479,268,667.29,667.29,0,0
Adult8,I-VT filter,TopLeft.jpg,7329,10,Fixation,1376,477,264,666.76,666.76,0,0
Adult8,I-VT filter,TopLeft.jpg,7332,10,Fixation,1376,468,263,667.33,667.33,0,0
Adult8,I-VT filter,TopLeft.jpg,7335,10,Fixation,1376,471,264,667.51,667.51,0,0
Adult8,I-VT filter,TopLeft.jpg,7339,10,Fixation,1376,471,267,666.97,666.97,0,0
Adult8,I-VT filter,TopLeft.jpg,7342,10,Fixation,1376,468,267,667.13,667.13,0,0
Adult8,I-VT filter,TopLeft.jpg,7346,10,Fixation,1376,469,271,666.78,666.78,0,0
Adult8,I-VT filter,TopLeft.jpg,7349,10,Fixation,1376,472,271,666.78,666.78,0,0
Adult8,I-VT filter,TopLeft.jpg,7352,10,Fixation,1376,466,270,667.01,667.01,0,0
Adult8,I-VT filter,TopLeft.jpg,7355,10,Fixation,1376,475,271,667.3,667.3,0,0
Adult8,I-VT filter,TopLeft.jpg,7359,10,Fixation,1376,473,268,667.06,667.06,0,0
Adult8,I-VT filter,TopLeft.jpg,7362,10,Fixation,1376,472,270,667.39,667.39,0,0
Adult8,I-VT filter,TopLeft.jpg,7365,10,Fixation,1376,474,274,667.06,667.06,0,0
Adult8,I-VT filter,TopLeft.jpg,7369,10,Fixation,1376,462,270,667.42,667.42,0,0
Adult8,I-VT filter,TopLeft.jpg,7372,10,Fixation,1376,469,271,667.08,667.08,0,0
Adult8,I-VT filter,TopLeft.jpg,7376,10,Fixation,1376,472,266,667.41,667.41,0,0
Adult8,I-VT filter,TopLeft.jpg,7379,10,Fixation,1376,473,269,667.61,667.61,0,0
Adult8,I-VT filter,TopLeft.jpg,7382,10,Fixation,1376,470,270,667.56,667.56,0,0
Adult8,I-VT filter,TopLeft.jpg,7385,10,Fixation,1376,471,276,667.45,667.45,0,0
Adult8,I-VT filter,TopLeft.jpg,7389,10,Fixation,1376,475,267,667.58,667.58,0,0
Adult8,I-VT filter,TopLeft.jpg,7392,10,Fixation,1376,468,259,667.38,667.38,0,0
Adult8,I-VT filter,TopLeft.jpg,7395,10,Fixation,1376,469,267,667.78,667.78,0,0
Adult8,I-VT filter,TopLeft.jpg,7399,10,Fixation,1376,461,274,667.69,667.69,0,0
Adult8,I-VT filter,TopLeft.jpg,7402,10,Fixation,1376,472,269,667.67,667.67,0,0
Adult8,I-VT filter,TopLeft.jpg,7405,10,Fixation,1376,465,272,667.96,667.96,0,0
Adult8,I-VT filter,TopLeft.jpg,7409,10,Fixation,1376,467,266,667.44,667.44,0,0
Adult8,I-VT filter,TopLeft.jpg,7412,10,Fixation,1376,472,273,667.6,667.6,0,0
Adult8,I-VT filter,TopLeft.jpg,7415,10,Fixation,1376,472,270,667.41,667.41,0,0
Adult8,I-VT filter,TopLeft.jpg,7419,10,Fixation,1376,470,262,667.5,667.5,0,0
Adult8,I-VT filter,TopLeft.jpg,7422,10,Fixation,1376,468,264,667.19,667.19,0,0
Adult8,I-VT filter,TopLeft.jpg,7425,10,Fixation,1376,472,265,667.98,667.98,0,0
Adult8,I-VT filter,TopLeft.jpg,7429,10,Fixation,1376,467,261,667.73,667.73,0,0
Adult8,I-VT filter,TopLeft.jpg,7432,10,Fixation,1376,475,268,667.45,667.45,0,0
Adult8,I-VT filter,TopLeft.jpg,7435,10,Fixation,1376,469,270,667.49,667.49,0,0
Adult8,I-VT filter,TopLeft.jpg,7439,10,Fixation,1376,471,270,667.8,667.8,0,0
Adult8,I-VT filter,TopLeft.jpg,7442,10,Fixation,1376,471,271,667.47,667.47,0,0
Adult8,I-VT filter,TopLeft.jpg,7446,10,Fixation,1376,469,273,667.56,667.56,0,0
Adult8,I-VT filter,TopLeft.jpg,7449,10,Fixation,1376,476,263,667.43,667.43,0,0
Adult8,I-VT filter,TopLeft.jpg,7452,10,Fixation,1376,473,273,667.42,667.42,0,0
Adult8,I-VT filter,TopLeft.jpg,7455,10,Fixation,1376,477,267,667.38,667.38,0,0
Adult8,I-VT filter,TopLeft.jpg,7459,10,Fixation,1376,471,268,667.39,667.39,0,0
Adult8,I-VT filter,TopLeft.jpg,7462,10,Fixation,1376,473,266,667.46,667.46,0,0
Adult8,I-VT filter,TopLeft.jpg,7465,10,Fixation,1376,474,268,667.36,667.36,0,0
Adult8,I-VT filter,TopLeft.jpg,7469,10,Fixation,1376,478,271,667.24,667.24,0,0
Adult8,I-VT filter,TopLeft.jpg,7472,10,Fixation,1376,471,274,667.1,667.1,0,0
Adult8,I-VT filter,TopLeft.jpg,7476,10,Fixation,1376,475,269,666.74,666.74,0,0
Adult8,I-VT filter,TopLeft.jpg,7479,10,Fixation,1376,476,270,667.01,667.01,0,0
Adult8,I-VT filter,TopLeft.jpg,7482,10,Fixation,1376,468,268,666.98,666.98,0,0
Adult8,I-VT filter,TopLeft.jpg,7485,10,Fixation,1376,476,270,667.01,667.01,0,0
Adult8,I-VT filter,TopLeft.jpg,7489,10,Fixation,1376,470,267,667.15,667.15,0,0
Adult8,I-VT filter,TopLeft.jpg,7492,10,Fixation,1376,476,266,666.72,666.72,0,0
Adult8,I-VT filter,TopLeft.jpg,7495,10,Fixation,1376,467,270,666.73,666.73,0,0
Adult8,I-VT filter,TopLeft.jpg,7499,10,Fixation,1376,477,265,666.5,666.5,0,0
Adult8,I-VT filter,TopLeft.jpg,7502,10,Fixation,1376,474,268,666.74,666.74,0,0
Adult8,I-VT filter,TopLeft.jpg,7505,10,Fixation,1376,474,277,666.77,666.77,0,0
Adult8,I-VT filter,TopLeft.jpg,7509,10,Fixation,1376,473,264,667.04,667.04,0,0
Adult8,I-VT filter,TopLeft.jpg,7512,10,Fixation,1376,473,272,666.57,666.57,0,0
Adult8,I-VT filter,TopLeft.jpg,7515,10,Fixation,1376,479,266,666.6,666.6,0,0
Adult8,I-VT filter,TopLeft.jpg,7519,10,Fixation,1376,472,268,667.52,667.52,0,0
Adult8,I-VT filter,TopLeft.jpg,7522,10,Fixation,1376,474,263,667.5,667.5,0,0
Adult8,I-VT filter,TopLeft.jpg,7525,10,Fixation,1376,479,276,667.03,667.03,0,0
Adult8,I-VT filter,TopLeft.jpg,7529,10,Fixation,1376,474,277,666.88,666.88,0,0
Adult8,I-VT filter,TopLeft.jpg,7532,10,Fixation,1376,474,279,666.83,666.83,0,0
Adult8,I-VT filter,TopLeft.jpg,7535,10,Fixation,1376,479,274,667.02,667.02,0,0
Adult8,I-VT filter,TopLeft.jpg,7539,10,Fixation,1376,476,271,666.75,666.75,0,0
Adult8,I-VT filter,TopLeft.jpg,7542,10,Fixation,1376,475,265,667.45,667.45,0,0
Adult8,I-VT filter,TopLeft.jpg,7545,10,Fixation,1376,478,275,666.95,666.95,0,0
Adult8,I-VT filter,TopLeft.jpg,7549,10,Fixation,1376,471,267,666.6,666.6,0,0
Adult8,I-VT filter,TopLeft.jpg,7552,10,Fixation,1376,479,276,666.67,666.67,0,0
Adult8,I-VT filter,,7555,10,Fixation,1376,470,264,666.58,666.58,0,0
Adult8,I-VT filter,,7559,10,Fixation,1376,475,267,667.06,667.06,0,0
Adult8,I-VT filter,,7562,10,Fixation,1376,477,266,667.83,667.83,0,0
Adult8,I-VT filter,,7565,10,Fixation,1376,475,272,667.72,667.72,0,0
Adult8,I-VT filter,BottomRight.jpg,7569,10,Fixation,1376,472,267,667.81,667.81,0,0
Adult8,I-VT filter,BottomRight.jpg,7572,10,Fixation,1376,472,266,667.54,667.54,0,0
Adult8,I-VT filter,BottomRight.jpg,7575,10,Fixation,1376,472,272,667.8,667.8,0,0
Adult8,I-VT filter,BottomRight.jpg,7579,10,Fixation,1376,481,274,667.51,667.51,0,0
Adult8,I-VT filter,BottomRight.jpg,7582,10,Fixation,1376,478,265,667.56,667.56,0,0
Adult8,I-VT filter,BottomRight.jpg,7585,10,Fixation,1376,468,266,667.45,667.45,0,0
Adult8,I-VT filter,BottomRight.jpg,7589,10,Fixation,1376,476,272,668.03,668.03,0,0
Adult8,I-VT filter,BottomRight.jpg,7592,10,Fixation,1376,484,275,667.5,667.5,0,0
Adult8,I-VT filter,BottomRight.jpg,7595,10,Fixation,1376,474,271,667.17,667.17,0,0
Adult8,I-VT filter,BottomRight.jpg,7599,10,Fixation,1376,470,279,667.32,667.32,0,0
Adult8,I-VT filter,BottomRight.jpg,7602,10,Fixation,1376,481,274,667.67,667.67,0,0
Adult8,I-VT filter,BottomRight.jpg,7605,10,Fixation,1376,474,277,667.02,667.02,0,0
Adult8,I-VT filter,BottomRight.jpg,7609,10,Fixation,1376,476,274,667.02,667.02,0,0
Adult8,I-VT filter,BottomRight.jpg,7612,10,Fixation,1376,475,270,666.9,666.9,0,0
Adult8,I-VT filter,BottomRight.jpg,7615,10,Fixation,1376,481,269,667.21,667.21,0,0
Adult8,I-VT filter,BottomRight.jpg,7619,10,Fixation,1376,473,270,666.7,666.7,0,0
Adult8,I-VT filter,BottomRight.jpg,7622,10,Fixation,1376,472,272,666.44,666.44,0,0
Adult8,I-VT filter,BottomRight.jpg,7625,10,Fixation,1376,477,271,667,667,0,0
Adult8,I-VT filter,BottomRight.jpg,7629,10,Fixation,1376,482,277,667.03,667.03,0,0
Adult8,I-VT filter,BottomRight.jpg,7632,10,Fixation,1376,475,273,667.25,667.25,0,0
Adult8,I-VT filter,BottomRight.jpg,7635,10,Fixation,1376,468,270,666.98,666.98,0,0
Adult8,I-VT filter,BottomRight.jpg,7639,10,Fixation,1376,482,271,666.78,666.78,0,0
Adult8,I-VT filter,BottomRight.jpg,7642,10,Fixation,1376,478,276,667.12,667.12,0,0
Adult8,I-VT filter,BottomRight.jpg,7645,10,Fixation,1376,470,276,667.63,667.63,0,0
Adult8,I-VT filter,BottomRight.jpg,7649,10,Fixation,1376,472,272,666.75,666.75,0,0
Adult8,I-VT filter,BottomRight.jpg,7652,10,Fixation,1376,472,263,667.83,667.83,0,0
Adult8,I-VT filter,BottomRight.jpg,7655,10,Fixation,1376,475,274,667.69,667.69,0,0
Adult8,I-VT filter,BottomRight.jpg,7659,10,Fixation,1376,472,270,667.02,667.02,0,0
Adult8,I-VT filter,BottomRight.jpg,7662,10,Fixation,1376,476,270,667.01,667.01,0,0
Adult8,I-VT filter,BottomRight.jpg,7665,10,Fixation,1376,477,273,667.34,667.34,0,0
Adult8,I-VT filter,BottomRight.jpg,7669,10,Fixation,1376,475,283,667.24,667.24,0,0
Adult8,I-VT filter,BottomRight.jpg,7672,10,Fixation,1376,473,277,666.78,666.78,0,0
Adult8,I-VT filter,BottomRight.jpg,7675,10,Fixation,1376,476,277,666.88,666.88,0,0
Adult8,I-VT filter,BottomRight.jpg,7679,10,Fixation,1376,478,278,666.92,666.92,0,0
Adult8,I-VT filter,BottomRight.jpg,7682,10,Fixation,1376,470,267,666.64,666.64,0,0
Adult8,I-VT filter,BottomRight.jpg,7685,10,Fixation,1376,477,278,666.57,666.57,0,0
Adult8,I-VT filter,BottomRight.jpg,7689,10,Fixation,1376,476,283,666.37,666.37,0,0
Adult8,I-VT filter,BottomRight.jpg,7692,10,Fixation,1376,477,282,665.96,665.96,0,0
Adult8,I-VT filter,BottomRight.jpg,7695,10,Fixation,1376,476,272,665.92,665.92,0,0
Adult8,I-VT filter,BottomRight.jpg,7699,10,Fixation,1376,476,277,666.77,666.77,0,0
Adult8,I-VT filter,BottomRight.jpg,7702,10,Fixation,1376,476,277,665.99,665.99,0,0
Adult8,I-VT filter,BottomRight.jpg,7705,10,Fixation,1376,474,273,666.22,666.22,0,0
Adult8,I-VT filter,BottomRight.jpg,7709,10,Fixation,1376,483,274,666.35,666.35,0,0
Adult8,I-VT filter,BottomRight.jpg,7712,10,Fixation,1376,479,276,666.65,666.65,0,0
Adult8,I-VT filter,BottomRight.jpg,7715,10,Fixation,1376,474,283,666.35,666.35,0,0
Adult8,I-VT filter,BottomRight.jpg,7719,10,Fixation,1376,473,276,666.55,666.55,0,0
Adult8,I-VT filter,BottomRight.jpg,7722,10,Fixation,1376,481,274,666.55,666.55,0,0
Adult8,I-VT filter,BottomRight.jpg,7725,10,Fixation,1376,474,272,666.32,666.32,0,0
Adult8,I-VT filter,BottomRight.jpg,7729,10,Fixation,1376,476,269,666.08,666.08,0,0
Adult8,I-VT filter,BottomRight.jpg,7732,10,Fixation,1376,479,282,665.72,665.72,0,0
Adult8,I-VT filter,BottomRight.jpg,7735,10,Fixation,1376,475,276,665.72,665.72,0,0
Adult8,I-VT filter,BottomRight.jpg,7739,10,Fixation,1376,475,279,665.85,665.85,0,0
Adult8,I-VT filter,BottomRight.jpg,7742,10,Fixation,1376,473,277,666.16,666.16,0,0
Adult8,I-VT filter,BottomRight.jpg,7745,10,Fixation,1376,475,278,665.01,665.01,0,0
Adult8,I-VT filter,BottomRight.jpg,7749,10,Fixation,1376,478,286,665.16,665.16,0,0
Adult8,I-VT filter,BottomRight.jpg,7752,10,Fixation,1376,478,276,665.25,665.25,0,0
Adult8,I-VT filter,BottomRight.jpg,7755,10,Fixation,1376,481,277,665.09,665.09,0,0
Adult8,I-VT filter,BottomRight.jpg,7759,10,Fixation,1376,477,277,664.05,664.05,0,0
Adult8,I-VT filter,BottomRight.jpg,7762,,Saccade,63,479,275,664.46,664.46,0,0
Adult8,I-VT filter,BottomRight.jpg,7765,,Saccade,63,479,277,666.53,666.53,0,0
Adult8,I-VT filter,BottomRight.jpg,7769,,Saccade,63,490,278,667.21,667.21,0,0
Adult8,I-VT filter,BottomRight.jpg,7772,,Saccade,63,502,296,664.06,664.06,0,0
Adult8,I-VT filter,BottomRight.jpg,7775,,Saccade,63,524,313,661.47,661.47,0,0
Adult8,I-VT filter,BottomRight.jpg,7779,,Saccade,63,556,326,657.99,657.99,0,0
Adult8,I-VT filter,BottomRight.jpg,7782,,Saccade,63,582,351,653.1,653.1,0,0
Adult8,I-VT filter,BottomRight.jpg,7785,,Saccade,63,603,354,652.88,652.88,0,0
Adult8,I-VT filter,BottomRight.jpg,7789,,Saccade,63,628,358,654.51,654.51,0,0
Adult8,I-VT filter,BottomRight.jpg,7792,,Saccade,63,659,375,654.52,654.52,0,0
Adult8,I-VT filter,BottomRight.jpg,7795,,Saccade,63,680,384,656.35,656.35,0,0
Adult8,I-VT filter,BottomRight.jpg,7799,,Saccade,63,694,403,656.88,656.88,0,0
Adult8,I-VT filter,BottomRight.jpg,7802,,Saccade,63,724,403,658.1,658.1,0,0
Adult8,I-VT filter,BottomRight.jpg,7805,,Saccade,63,750,414,658.11,658.11,0,0
Adult8,I-VT filter,BottomRight.jpg,7809,,Saccade,63,766,425,659.69,659.69,0,0
Adult8,I-VT filter,BottomRight.jpg,7812,,Saccade,63,788,428,664.03,664.03,0,0
Adult8,I-VT filter,BottomRight.jpg,7815,,Saccade,63,813,449,662.28,662.28,0,0
Adult8,I-VT filter,BottomRight.jpg,7819,,Saccade,63,834,446,663.22,663.22,0,0
Adult8,I-VT filter,BottomRight.jpg,7822,,Saccade,63,859,475,661.38,661.38,0,0
Adult8,I-VT filter,BottomRight.jpg,7825,,Unclassified,10,886,548,663.56,663.56,0,0
Adult8,I-VT filter,BottomRight.jpg,7829,,Unclassified,10,919,566,662.29,662.29,0,0
Adult8,I-VT filter,BottomRight.jpg,7832,,Unclassified,10,958,642,663.76,,0,4
Adult8,I-VT filter,BottomRight.jpg,7835,,Unclassified,153,,,,,4,4
Adult8,I-VT filter,BottomRight.jpg,7839,,Unclassified,153,,,,,4,4
Adult8,I-VT filter,BottomRight.jpg,7842,,Unclassified,153,,,,,4,4
Adult8,I-VT filter,BottomRight.jpg,7845,,Unclassified,153,,,,,4,4
Adult8,I-VT filter,BottomRight.jpg,7849,,Unclassified,153,,,,,4,4
Adult8,I-VT filter,BottomRight.jpg,7852,,Unclassified,153,,,,,4,4
Adult8,I-VT filter,BottomRight.jpg,7855,,Unclassified,153,,,,,4,4
Adult8,I-VT filter,BottomRight.jpg,7859,,Unclassified,153,,,,,4,4
Adult8,I-VT filter,BottomRight.jpg,7862,,Unclassified,153,,,,,4,4
Adult8,I-VT filter,BottomRight.jpg,7865,,Unclassified,153,,,,,4,4
Adult8,I-VT filter,BottomRight.jpg,7869,,Unclassified,153,,,,,4,4
Adult8,I-VT filter,BottomRight.jpg,7872,,Unclassified,153,,,,,4,4
Adult8,I-VT filter,BottomRight.jpg,7875,,Unclassified,153,,,,,4,4
Adult8,I-VT filter,BottomRight.jpg,7879,,Unclassified,153,,,,,4,4
Adult8,I-VT filter,BottomRight.jpg,7882,,Unclassified,153,,,,,4,4
Adult8,I-VT filter,BottomRight.jpg,7885,,Unclassified,153,,,,,4,4
Adult8,I-VT filter,BottomRight.jpg,7889,,Unclassified,153,,,,,4,4
Adult8,I-VT filter,BottomRight.jpg,7892,,Unclassified,153,,,,,4,4
Adult8,I-VT filter,BottomRight.jpg,7895,,Unclassified,153,,,,,4,4
Adult8,I-VT filter,BottomRight.jpg,7899,,Unclassified,153,,,,,4,4
Adult8,I-VT filter,BottomRight.jpg,7902,,Unclassified,153,,,,,4,4
Adult8,I-VT filter,BottomRight.jpg,7905,,Unclassified,153,,,,,4,4
Adult8,I-VT filter,BottomRight.jpg,7909,,Unclassified,153,,,,,4,4
Adult8,I-VT filter,BottomRight.jpg,7912,,Unclassified,153,,,,,4,4
Adult8,I-VT filter,BottomRight.jpg,7915,,Unclassified,153,,,,,4,4
Adult8,I-VT filter,BottomRight.jpg,7919,,Unclassified,153,,,,,4,4
Adult8,I-VT filter,BottomRight.jpg,7922,,Unclassified,153,,,,,4,4
Adult8,I-VT filter,BottomRight.jpg,7925,,Unclassified,153,,,,,4,4
Adult8,I-VT filter,BottomRight.jpg,7929,,Unclassified,153,,,,,4,4
Adult8,I-VT filter,BottomRight.jpg,7932,,Unclassified,153,,,,,4,4
Adult8,I-VT filter,BottomRight.jpg,7935,,Unclassified,153,,,,,4,4
Adult8,I-VT filter,BottomRight.jpg,7939,,Unclassified,153,,,,,4,4
Adult8,I-VT filter,BottomRight.jpg,7942,,Unclassified,153,,,,,4,4
Adult8,I-VT filter,BottomRight.jpg,7945,,Unclassified,153,,,,,4,4
Adult8,I-VT filter,BottomRight.jpg,7949,,Unclassified,153,,,,,4,4
Adult8,I-VT filter,BottomRight.jpg,7952,,Unclassified,153,,,,,4,4
Adult8,I-VT filter,BottomRight.jpg,7955,,Unclassified,153,,,,,4,4
Adult8,I-VT filter,BottomRight.jpg,7959,,Unclassified,153,,,,,4,4
Adult8,I-VT filter,BottomRight.jpg,7962,,Unclassified,153,,,,,4,4
Adult8,I-VT filter,BottomRight.jpg,7965,,Unclassified,153,,,,,4,4
Adult8,I-VT filter,BottomRight.jpg,7969,,Unclassified,153,,,,,4,4
Adult8,I-VT filter,BottomRight.jpg,7972,,Unclassified,153,,,,,4,4
Adult8,I-VT filter,BottomRight.jpg,7975,,Unclassified,153,,,,,4,4
Adult8,I-VT filter,BottomRight.jpg,7979,,Unclassified,153,,,,,4,4
Adult8,I-VT filter,BottomRight.jpg,7982,,Unclassified,153,,,,,4,4
Adult8,I-VT filter,BottomRight.jpg,7985,,Unclassified,153,,,,,4,4
Adult8,I-VT filter,BottomRight.jpg,7989,,Unclassified,10,1447,850,641,641,3,1
Adult8,I-VT filter,BottomRight.jpg,7992,,Unclassified,10,1443,819,641.06,641.06,3,1
Adult8,I-VT filter,BottomRight.jpg,7995,,Unclassified,10,1437,852,641.55,641.55,3,1
Adult8,I-VT filter,BottomRight.jpg,7999,,Unclassified,3,1435,851,642.24,642.24,3,1
Adult8,I-VT filter,BottomRight.jpg,8002,,Saccade,3,1460,837,642.51,642.51,3,1
Adult8,I-VT filter,BottomRight.jpg,8005,,Unclassified,3,1442,839,642.85,642.85,3,1
Adult8,I-VT filter,BottomRight.jpg,8009,,Saccade,20,1431,853,642.39,642.39,3,1
Adult8,I-VT filter,BottomRight.jpg,8012,,Saccade,20,1437,846,641.64,641.64,3,1
Adult8,I-VT filter,BottomRight.jpg,8015,,Saccade,20,1425,855,640.81,640.81,3,1
Adult8,I-VT filter,BottomRight.jpg,8019,,Saccade,20,1446,818,659.92,659.92,1,3
Adult8,I-VT filter,BottomRight.jpg,8022,,Saccade,20,1447,806,659.02,659.02,1,3
Adult8,I-VT filter,BottomRight.jpg,8025,,Saccade,20,1449,821,658.65,658.65,1,3
Adult8,I-VT filter,BottomRight.jpg,8029,,Unclassified,13,1450,821,658.63,658.63,1,3
Adult8,I-VT filter,BottomRight.jpg,8032,,Unclassified,13,1458,798,658.57,658.57,1,3
Adult8,I-VT filter,BottomRight.jpg,8035,,Unclassified,13,1453,805,658.7,658.7,1,3
Adult8,I-VT filter,BottomRight.jpg,8039,,Unclassified,13,1485,819,659.24,659.24,0,0
Adult8,I-VT filter,BottomRight.jpg,8042,,Saccade,3,1484,796,658.98,658.98,0,0
Adult8,I-VT filter,BottomRight.jpg,8045,,Unclassified,3,1493,814,658.88,658.88,0,0
Adult8,I-VT filter,BottomRight.jpg,8049,,Saccade,3,1493,807,659.84,659.84,0,0
Adult8,I-VT filter,BottomRight.jpg,8052,,Unclassified,30,1489,805,660.41,660.41,0,0
Adult8,I-VT filter,BottomRight.jpg,8055,,Unclassified,30,1488,799,660.52,660.52,0,0
Adult8,I-VT filter,BottomRight.jpg,8059,,Unclassified,30,1490,792,660.79,660.79,0,0
Adult8,I-VT filter,BottomRight.jpg,8062,,Unclassified,30,1488,808,661.03,661.03,0,0
Adult8,I-VT filter,BottomRight.jpg,8065,,Unclassified,30,1486,807,661.51,661.51,0,0
Adult8,I-VT filter,BottomRight.jpg,8069,,Unclassified,30,1494,786,662.13,662.13,0,0
Adult8,I-VT filter,BottomRight.jpg,8072,,Unclassified,30,1493,790,662.03,662.03,0,0
Adult8,I-VT filter,BottomRight.jpg,8075,,Unclassified,30,1489,807,662.65,662.65,0,0
Adult8,I-VT filter,BottomRight.jpg,8079,,Unclassified,30,1497,798,662.53,662.53,0,0
Adult8,I-VT filter,BottomRight.jpg,8082,,Saccade,3,1491,804,662.96,662.96,0,0
Adult8,I-VT filter,BottomRight.jpg,8085,,Unclassified,3,1485,804,663.13,663.13,0,0
Adult8,I-VT filter,BottomRight.jpg,8089,,Saccade,23,1494,808,663.09,663.09,0,0
Adult8,I-VT filter,BottomRight.jpg,8092,,Saccade,23,1493,816,661.27,661.27,0,0
Adult8,I-VT filter,BottomRight.jpg,8095,,Saccade,23,1486,813,661.56,661.56,0,0
Adult8,I-VT filter,BottomRight.jpg,8099,,Saccade,23,1474,811,661.73,661.73,0,0
Adult8,I-VT filter,BottomRight.jpg,8102,,Saccade,23,1442,819,662.27,662.27,0,0
Adult8,I-VT filter,BottomRight.jpg,8105,,Saccade,23,1418,807,664.19,664.19,0,0
Adult8,I-VT filter,BottomRight.jpg,8109,,Saccade,23,1413,818,664.43,664.43,0,0
Adult8,I-VT filter,BottomRight.jpg,8112,11,Fixation,60,1403,798,664.41,664.41,0,0
Adult8,I-VT filter,BottomRight.jpg,8115,11,Fixation,60,1412,810,664.17,664.17,0,0
Adult8,I-VT filter,BottomRight.jpg,8119,11,Fixation,60,1416,826,663.92,663.92,0,0
Adult8,I-VT filter,BottomRight.jpg,8122,11,Fixation,60,1422,813,664.19,664.19,0,0
Adult8,I-VT filter,BottomRight.jpg,8125,11,Fixation,60,1419,813,663.82,663.82,0,0
Adult8,I-VT filter,BottomRight.jpg,8129,11,Fixation,60,1419,814,663.74,663.74,0,0
Adult8,I-VT filter,BottomRight.jpg,8132,11,Fixation,60,1422,814,663.5,663.5,0,0
Adult8,I-VT filter,BottomRight.jpg,8135,11,Fixation,60,1420,827,663.48,663.48,0,0
Adult8,I-VT filter,BottomRight.jpg,8139,11,Fixation,60,1413,803,663.52,663.52,0,0
Adult8,I-VT filter,BottomRight.jpg,8142,11,Fixation,60,1423,811,663.72,663.72,0,0
Adult8,I-VT filter,BottomRight.jpg,8145,11,Fixation,60,1418,797,663.6,663.6,0,0
Adult8,I-VT filter,BottomRight.jpg,8149,11,Fixation,60,1424,804,663.7,663.7,0,0
Adult8,I-VT filter,BottomRight.jpg,8152,11,Fixation,60,1420,810,663.68,663.68,0,0
Adult8,I-VT filter,BottomRight.jpg,8155,11,Fixation,60,1424,807,663.63,663.63,0,0
Adult8,I-VT filter,BottomRight.jpg,8159,11,Fixation,60,1417,809,663.95,663.95,0,0
Adult8,I-VT filter,BottomRight.jpg,8162,11,Fixation,60,1419,798,664.06,664.06,0,0
Adult8,I-VT filter,BottomRight.jpg,8165,11,Fixation,60,1419,816,664.01,664.01,0,0
Adult8,I-VT filter,BottomRight.jpg,8169,11,Fixation,60,1419,800,663.58,663.58,0,0
Adult8,I-VT filter,BottomRight.jpg,8172,,Saccade,3,1407,806,663.33,663.33,0,0
Adult8,I-VT filter,BottomRight.jpg,8175,,Unclassified,17,1417,815,663.29,663.29,0,0
Adult8,I-VT filter,BottomRight.jpg,8179,,Unclassified,17,1418,814,663.7,663.7,0,0
Adult8,I-VT filter,BottomRight.jpg,8182,,Unclassified,17,1424,825,662.8,662.8,0,0
Adult8,I-VT filter,BottomRight.jpg,8185,,Unclassified,17,1417,813,662.69,662.69,0,0
Adult8,I-VT filter,BottomRight.jpg,8189,,Unclassified,17,1413,814,662.08,662.08,0,0
Adult8,I-VT filter,BottomRight.jpg,8192,,Saccade,3,1422,822,661.72,661.72,0,0
Adult8,I-VT filter,BottomRight.jpg,8195,12,Fixation,130,1413,803,661.76,661.76,0,0
Adult8,I-VT filter,BottomRight.jpg,8199,12,Fixation,130,1410,816,661.69,661.69,0,0
Adult8,I-VT filter,BottomRight.jpg,8202,12,Fixation,130,1406,802,661.86,661.86,0,0
Adult8,I-VT filter,BottomRight.jpg,8205,12,Fixation,130,1411,815,662.06,662.06,0,0
Adult8,I-VT filter,BottomRight.jpg,8209,12,Fixation,130,1413,820,662.16,662.16,0,0
Adult8,I-VT filter,BottomRight.jpg,8212,12,Fixation,130,1415,810,662.03,662.03,0,0
Adult8,I-VT filter,BottomRight.jpg,8215,12,Fixation,130,1422,802,662.53,662.53,0,0
Adult8,I-VT filter,BottomRight.jpg,8219,12,Fixation,130,1422,818,662.44,662.44,0,0
Adult8,I-VT filter,BottomRight.jpg,8222,12,Fixation,130,1421,815,662.35,662.35,0,0
Adult8,I-VT filter,BottomRight.jpg,8225,12,Fixation,130,1419,815,662.16,662.16,0,0
Adult8,I-VT filter,BottomRight.jpg,8229,12,Fixation,130,1409,814,662.14,662.14,0,0
Adult8,I-VT filter,BottomRight.jpg,8232,12,Fixation,130,1416,824,662.33,662.33,0,0
Adult8,I-VT filter,BottomRight.jpg,8235,12,Fixation,130,1416,805,662.78,662.78,0,0
Adult8,I-VT filter,BottomRight.jpg,8239,12,Fixation,130,1412,801,662.87,662.87,0,0
Adult8,I-VT filter,BottomRight.jpg,8242,12,Fixation,130,1418,811,663.05,663.05,0,0
Adult8,I-VT filter,BottomRight.jpg,8245,12,Fixation,130,1417,815,662.96,662.96,0,0
Adult8,I-VT filter,BottomRight.jpg,8249,12,Fixation,130,1412,813,663.19,663.19,0,0
Adult8,I-VT filter,BottomRight.jpg,8252,12,Fixation,130,1415,810,663.19,663.19,0,0
Adult8,I-VT filter,BottomRight.jpg,8255,12,Fixation,130,1408,806,663.47,663.47,0,0
Adult8,I-VT filter,BottomRight.jpg,8259,12,Fixation,130,1421,811,663.64,663.64,0,0
Adult8,I-VT filter,BottomRight.jpg,8262,12,Fixation,130,1421,814,663.73,663.73,0,0
Adult8,I-VT filter,BottomRight.jpg,8265,12,Fixation,130,1416,800,663.85,663.85,0,0
Adult8,I-VT filter,BottomRight.jpg,8269,12,Fixation,130,1421,807,663.86,663.86,0,0
Adult8,I-VT filter,BottomRight.jpg,8272,12,Fixation,130,1413,814,663.63,663.63,0,0
Adult8,I-VT filter,BottomRight.jpg,8275,12,Fixation,130,1411,812,664.16,664.16,0,0
Adult8,I-VT filter,BottomRight.jpg,8279,12,Fixation,130,1418,803,664.23,664.23,0,0
Adult8,I-VT filter,BottomRight.jpg,8282,12,Fixation,130,1413,825,664.04,664.04,0,0
Adult8,I-VT filter,BottomRight.jpg,8285,12,Fixation,130,1419,804,664.36,664.36,0,0
Adult8,I-VT filter,BottomRight.jpg,8289,12,Fixation,130,1422,826,664.7,664.7,0,0
Adult8,I-VT filter,BottomRight.jpg,8292,12,Fixation,130,1421,814,663.98,663.98,0,0
Adult8,I-VT filter,BottomRight.jpg,8295,12,Fixation,130,1419,802,664.42,664.42,0,0
Adult8,I-VT filter,BottomRight.jpg,8299,12,Fixation,130,1415,809,664.24,664.24,0,0
Adult8,I-VT filter,BottomRight.jpg,8302,12,Fixation,130,1426,821,664.24,664.24,0,0
Adult8,I-VT filter,BottomRight.jpg,8305,12,Fixation,130,1421,808,664.03,664.03,0,0
Adult8,I-VT filter,BottomRight.jpg,8309,12,Fixation,130,1425,819,664.1,664.1,0,0
Adult8,I-VT filter,BottomRight.jpg,8312,12,Fixation,130,1424,799,663.89,663.89,0,0
Adult8,I-VT filter,BottomRight.jpg,8315,12,Fixation,130,1409,803,664.04,664.04,0,0
Adult8,I-VT filter,BottomRight.jpg,8319,12,Fixation,130,1427,812,663.59,663.59,0,0
Adult8,I-VT filter,BottomRight.jpg,8322,12,Fixation,130,1411,812,664.16,664.16,0,0
Adult8,I-VT filter,BottomRight.jpg,8325,,Saccade,3,1419,815,664.08,664.08,0,0
Adult8,I-VT filter,BottomRight.jpg,8329,,Unclassified,57,1419,804,664.1,664.1,0,0
Adult8,I-VT filter,BottomRight.jpg,8332,,Unclassified,57,1422,806,664,664,0,0
Adult8,I-VT filter,BottomRight.jpg,8335,,Unclassified,57,1421,828,663.9,663.9,0,0
Adult8,I-VT filter,BottomRight.jpg,8339,,Unclassified,57,1417,802,663.93,663.93,0,0
Adult8,I-VT filter,BottomRight.jpg,8342,,Unclassified,57,1427,828,663.81,663.81,0,0
Adult8,I-VT filter,BottomRight.jpg,8345,,Unclassified,57,1428,819,663.9,663.9,0,0
Adult8,I-VT filter,BottomRight.jpg,8349,,Unclassified,57,1426,826,663.68,663.68,0,0
Adult8,I-VT filter,BottomRight.jpg,8352,,Unclassified,57,1419,828,663.66,663.66,0,0
Adult8,I-VT filter,BottomRight.jpg,8355,,Unclassified,57,1427,817,664.07,664.07,0,0
Adult8,I-VT filter,BottomRight.jpg,8359,,Unclassified,57,1421,812,664.2,664.2,0,0
Adult8,I-VT filter,BottomRight.jpg,8362,,Unclassified,57,1422,818,663.97,663.97,0,0
Adult8,I-VT filter,BottomRight.jpg,8365,,Unclassified,57,1422,820,663.71,663.71,0,0
Adult8,I-VT filter,BottomRight.jpg,8369,,Unclassified,57,1419,804,663.93,663.93,0,0
Adult8,I-VT filter,BottomRight.jpg,8372,,Unclassified,57,1418,820,664.06,664.06,0,0
Adult8,I-VT filter,BottomRight.jpg,8375,,Unclassified,57,1423,834,663.95,663.95,0,0
Adult8,I-VT filter,BottomRight.jpg,8379,,Unclassified,57,1419,802,664.26,664.26,0,0
Adult8,I-VT filter,BottomRight.jpg,8382,,Unclassified,57,1424,808,663.95,663.95,0,0
Adult8,I-VT filter,BottomRight.jpg,8385,,Saccade,3,1421,816,663.74,663.74,0,0
Adult8,I-VT filter,BottomRight.jpg,8389,13,Fixation,500,1419,819,663.67,663.67,0,0
Adult8,I-VT filter,BottomRight.jpg,8392,13,Fixation,500,1426,808,663.78,663.78,0,0
Adult8,I-VT filter,BottomRight.jpg,8395,13,Fixation,500,1412,809,663.27,663.27,0,0
Adult8,I-VT filter,BottomRight.jpg,8399,13,Fixation,500,1422,807,663.37,663.37,0,0
Adult8,I-VT filter,BottomRight.jpg,8402,13,Fixation,500,1415,814,663.34,663.34,0,0
Adult8,I-VT filter,BottomRight.jpg,8405,13,Fixation,500,1421,800,663.57,663.57,0,0
Adult8,I-VT filter,BottomRight.jpg,8409,13,Fixation,500,1418,814,663.46,663.46,0,0
Adult8,I-VT filter,BottomRight.jpg,8412,13,Fixation,500,1421,816,663.37,663.37,0,0
Adult8,I-VT filter,BottomRight.jpg,8415,13,Fixation,500,1415,817,663.5,663.5,0,0
Adult8,I-VT filter,BottomRight.jpg,8419,13,Fixation,500,1417,799,663.37,663.37,0,0
Adult8,I-VT filter,BottomRight.jpg,8422,13,Fixation,500,1425,797,663.64,663.64,0,0
Adult8,I-VT filter,BottomRight.jpg,8425,13,Fixation,500,1422,800,664.1,664.1,0,0
Adult8,I-VT filter,BottomRight.jpg,8429,13,Fixation,500,1425,797,663.87,663.87,0,0
Adult8,I-VT filter,BottomRight.jpg,8432,13,Fixation,500,1419,818,663.75,663.75,0,0
Adult8,I-VT filter,BottomRight.jpg,8435,13,Fixation,500,1413,808,663.17,663.17,0,0
Adult8,I-VT filter,BottomRight.jpg,8439,13,Fixation,500,1425,804,662.87,662.87,0,0
Adult8,I-VT filter,BottomRight.jpg,8442,13,Fixation,500,1416,818,662.76,662.76,0,0
Adult8,I-VT filter,BottomRight.jpg,8445,13,Fixation,500,1416,804,663.34,663.34,0,0
Adult8,I-VT filter,BottomRight.jpg,8449,13,Fixation,500,1420,819,663.57,663.57,0,0
Adult8,I-VT filter,BottomRight.jpg,8452,13,Fixation,500,1421,822,664.29,664.29,0,0
Adult8,I-VT filter,BottomRight.jpg,8455,13,Fixation,500,1425,828,664.44,664.44,0,0
Adult8,I-VT filter,BottomRight.jpg,8459,13,Fixation,500,1420,808,664.27,664.27,0,0
Adult8,I-VT filter,BottomRight.jpg,8462,13,Fixation,500,1418,807,664.68,664.68,0,0
Adult8,I-VT filter,BottomRight.jpg,8465,13,Fixation,500,1415,813,664.43,664.43,0,0
Adult8,I-VT filter,BottomRight.jpg,8469,13,Fixation,500,1419,810,664.66,664.66,0,0
Adult8,I-VT filter,BottomRight.jpg,8472,13,Fixation,500,1416,810,664.26,664.26,0,0
Adult8,I-VT filter,BottomRight.jpg,8475,13,Fixation,500,1411,809,664.36,664.36,0,0
Adult8,I-VT filter,BottomRight.jpg,8479,13,Fixation,500,1416,827,664.06,664.06,0,0
Adult8,I-VT filter,BottomRight.jpg,8482,13,Fixation,500,1419,812,663.98,663.98,0,0
Adult8,I-VT filter,BottomRight.jpg,8485,13,Fixation,500,1419,824,664.11,664.11,0,0
Adult8,I-VT filter,BottomRight.jpg,8489,13,Fixation,500,1426,831,664.29,664.29,0,0
Adult8,I-VT filter,BottomRight.jpg,8492,13,Fixation,500,1425,826,664.22,664.22,0,0
Adult8,I-VT filter,BottomRight.jpg,8495,13,Fixation,500,1423,809,664.32,664.32,0,0
Adult8,I-VT filter,BottomRight.jpg,8499,13,Fixation,500,1422,818,663.93,663.93,0,0
Adult8,I-VT filter,BottomRight.jpg,8502,13,Fixation,500,1417,820,664.05,664.05,0,0
Adult8,I-VT filter,BottomRight.jpg,8505,13,Fixation,500,1424,812,664.14,664.14,0,0
Adult8,I-VT filter,BottomRight.jpg,8509,13,Fixation,500,1430,808,663.83,663.83,0,0
Adult8,I-VT filter,BottomRight.jpg,8512,13,Fixation,500,1422,824,663.7,663.7,0,0
Adult8,I-VT filter,BottomRight.jpg,8515,13,Fixation,500,1416,822,663.53,663.53,0,0
Adult8,I-VT filter,BottomRight.jpg,8519,13,Fixation,500,1421,818,663.95,663.95,0,0
Adult8,I-VT filter,BottomRight.jpg,8522,13,Fixation,500,1421,823,664.28,664.28,0,0
Adult8,I-VT filter,BottomRight.jpg,8525,13,Fixation,500,1427,818,664.56,664.56,0,0
Adult8,I-VT filter,BottomRight.jpg,8529,13,Fixation,500,1421,821,664.81,664.81,0,0
Adult8,I-VT filter,BottomRight.jpg,8532,13,Fixation,500,1415,819,664.38,664.38,0,0
Adult8,I-VT filter,BottomRight.jpg,8535,13,Fixation,500,1419,829,664.78,664.78,0,0
Adult8,I-VT filter,BottomRight.jpg,8539,13,Fixation,500,1418,823,664.29,664.29,0,0
Adult8,I-VT filter,BottomRight.jpg,8542,13,Fixation,500,1417,825,664.24,664.24,0,0
Adult8,I-VT filter,BottomRight.jpg,8545,13,Fixation,500,1413,805,663.41,663.41,0,0
Adult8,I-VT filter,BottomRight.jpg,8549,13,Fixation,500,1417,814,663.75,663.75,0,0
Adult8,I-VT filter,BottomRight.jpg,8552,13,Fixation,500,1418,826,663.87,663.87,0,0
Adult8,I-VT filter,BottomRight.jpg,8555,13,Fixation,500,1416,825,663.45,663.45,0,0
Adult8,I-VT filter,BottomRight.jpg,8559,13,Fixation,500,1422,811,663.95,663.95,0,0
Adult8,I-VT filter,BottomRight.jpg,8562,13,Fixation,500,1418,820,663.91,663.91,0,0
Adult8,I-VT filter,BottomRight.jpg,8565,13,Fixation,500,1416,817,664,664,0,0
Adult8,I-VT filter,BottomRight.jpg,8569,13,Fixation,500,1417,820,663.93,663.93,0,0
Adult8,I-VT filter,BottomRight.jpg,8572,13,Fixation,500,1420,813,664.21,664.21,0,0
Adult8,I-VT filter,BottomRight.jpg,8575,13,Fixation,500,1418,815,664.08,664.08,0,0
Adult8,I-VT filter,BottomRight.jpg,8579,13,Fixation,500,1424,813,664.15,664.15,0,0
Adult8,I-VT filter,BottomRight.jpg,8582,13,Fixation,500,1421,822,664.54,664.54,0,0
Adult8,I-VT filter,BottomRight.jpg,8585,13,Fixation,500,1417,816,664.83,664.83,0,0
Adult8,I-VT filter,BottomRight.jpg,8589,13,Fixation,500,1416,808,664.69,664.69,0,0
Adult8,I-VT filter,BottomRight.jpg,8592,13,Fixation,500,1413,811,665.04,665.04,0,0
Adult8,I-VT filter,BottomRight.jpg,8595,13,Fixation,500,1415,810,665.26,665.26,0,0
Adult8,I-VT filter,BottomRight.jpg,8599,13,Fixation,500,1412,815,665.14,665.14,0,0
Adult8,I-VT filter,BottomRight.jpg,8602,13,Fixation,500,1416,813,664.8,664.8,0,0
Adult8,I-VT filter,BottomRight.jpg,8605,13,Fixation,500,1418,803,664.92,664.92,0,0
Adult8,I-VT filter,BottomRight.jpg,8609,13,Fixation,500,1420,824,664.74,664.74,0,0
Adult8,I-VT filter,BottomRight.jpg,8612,13,Fixation,500,1421,808,664.93,664.93,0,0
Adult8,I-VT filter,BottomRight.jpg,8615,13,Fixation,500,1419,818,664.86,664.86,0,0
Adult8,I-VT filter,BottomRight.jpg,8619,13,Fixation,500,1420,818,664.44,664.44,0,0
Adult8,I-VT filter,BottomRight.jpg,8622,13,Fixation,500,1417,816,664.5,664.5,0,0
Adult8,I-VT filter,BottomRight.jpg,8625,13,Fixation,500,1413,817,664.38,664.38,0,0
Adult8,I-VT filter,BottomRight.jpg,8629,13,Fixation,500,1417,815,664.32,664.32,0,0
Adult8,I-VT filter,BottomRight.jpg,8632,13,Fixation,500,1419,816,664.78,664.78,0,0
Adult8,I-VT filter,BottomRight.jpg,8635,13,Fixation,500,1420,816,664.53,664.53,0,0
Adult8,I-VT filter,BottomRight.jpg,8639,13,Fixation,500,1413,812,664.31,664.31,0,0
Adult8,I-VT filter,BottomRight.jpg,8642,13,Fixation,500,1421,815,663.96,663.96,0,0
Adult8,I-VT filter,BottomRight.jpg,8645,13,Fixation,500,1418,829,664.25,664.25,0,0
Adult8,I-VT filter,BottomRight.jpg,8649,13,Fixation,500,1422,823,663.8,663.8,0,0
Adult8,I-VT filter,BottomRight.jpg,8652,13,Fixation,500,1420,806,663.68,663.68,0,0
Adult8,I-VT filter,BottomRight.jpg,8655,13,Fixation,500,1417,799,663.67,663.67,0,0
Adult8,I-VT filter,BottomRight.jpg,8659,13,Fixation,500,1415,802,663.81,663.81,0,0
Adult8,I-VT filter,BottomRight.jpg,8662,13,Fixation,500,1410,804,663.98,663.98,0,0
Adult8,I-VT filter,BottomRight.jpg,8665,13,Fixation,500,1418,817,664.02,664.02,0,0
Adult8,I-VT filter,BottomRight.jpg,8669,13,Fixation,500,1421,829,663.56,663.56,0,0
Adult8,I-VT filter,BottomRight.jpg,8672,13,Fixation,500,1426,817,664.25,664.25,0,0
Adult8,I-VT filter,BottomRight.jpg,8675,13,Fixation,500,1426,803,663.73,663.73,0,0
Adult8,I-VT filter,BottomRight.jpg,8679,13,Fixation,500,1424,819,663.88,663.88,0,0
Adult8,I-VT filter,BottomRight.jpg,8682,13,Fixation,500,1421,814,663.96,663.96,0,0
Adult8,I-VT filter,BottomRight.jpg,8685,13,Fixation,500,1419,825,663.97,663.97,0,0
Adult8,I-VT filter,BottomRight.jpg,8689,13,Fixation,500,1421,812,663.69,663.69,0,0
Adult8,I-VT filter,BottomRight.jpg,8692,13,Fixation,500,1425,820,663.59,663.59,0,0
Adult8,I-VT filter,BottomRight.jpg,8695,13,Fixation,500,1424,823,663.13,663.13,0,0
Adult8,I-VT filter,BottomRight.jpg,8699,13,Fixation,500,1425,823,663.09,663.09,0,0
Adult8,I-VT filter,BottomRight.jpg,8702,13,Fixation,500,1426,826,663.46,663.46,0,0
Adult8,I-VT filter,BottomRight.jpg,8705,13,Fixation,500,1427,819,663.66,663.66,0,0
Adult8,I-VT filter,BottomRight.jpg,8709,13,Fixation,500,1430,813,663.66,663.66,0,0
Adult8,I-VT filter,BottomRight.jpg,8712,13,Fixation,500,1420,823,664.11,664.11,0,0
Adult8,I-VT filter,BottomRight.jpg,8715,13,Fixation,500,1413,816,663.99,663.99,0,0
Adult8,I-VT filter,BottomRight.jpg,8719,13,Fixation,500,1420,832,663.54,663.54,0,0
Adult8,I-VT filter,BottomRight.jpg,8722,13,Fixation,500,1414,832,663.83,663.83,0,0
Adult8,I-VT filter,BottomRight.jpg,8725,13,Fixation,500,1431,827,663.57,663.57,0,0
Adult8,I-VT filter,BottomRight.jpg,8729,13,Fixation,500,1423,818,663.35,663.35,0,0
Adult8,I-VT filter,BottomRight.jpg,8732,13,Fixation,500,1423,824,663.05,663.05,0,0
Adult8,I-VT filter,BottomRight.jpg,8735,13,Fixation,500,1426,825,663.15,663.15,0,0
Adult8,I-VT filter,BottomRight.jpg,8739,13,Fixation,500,1426,820,662.86,662.86,0,0
Adult8,I-VT filter,BottomRight.jpg,8742,13,Fixation,500,1423,817,663.21,663.21,0,0
Adult8,I-VT filter,BottomRight.jpg,8745,13,Fixation,500,1422,823,662.85,662.85,0,0
Adult8,I-VT filter,BottomRight.jpg,8749,13,Fixation,500,1434,831,662.85,662.85,0,0
Adult8,I-VT filter,BottomRight.jpg,8752,13,Fixation,500,1430,824,662.8,662.8,0,0
Adult8,I-VT filter,BottomRight.jpg,8755,13,Fixation,500,1427,826,662.23,662.23,0,0
Adult8,I-VT filter,BottomRight.jpg,8759,13,Fixation,500,1418,823,662.49,662.49,0,0
Adult8,I-VT filter,BottomRight.jpg,8762,13,Fixation,500,1433,828,662.77,662.77,0,0
Adult8,I-VT filter,BottomRight.jpg,8765,13,Fixation,500,1425,830,663.16,663.16,0,0
Adult8,I-VT filter,BottomRight.jpg,8769,13,Fixation,500,1425,814,662.59,662.59,0,0
Adult8,I-VT filter,BottomRight.jpg,8772,13,Fixation,500,1434,828,663.18,663.18,0,0
Adult8,I-VT filter,BottomRight.jpg,8775,13,Fixation,500,1430,840,663.14,663.14,0,0
Adult8,I-VT filter,BottomRight.jpg,8779,13,Fixation,500,1423,814,662.53,662.53,0,0
Adult8,I-VT filter,BottomRight.jpg,8782,13,Fixation,500,1428,824,663.15,663.15,0,0
Adult8,I-VT filter,BottomRight.jpg,8785,13,Fixation,500,1424,825,662.88,662.88,0,0
Adult8,I-VT filter,BottomRight.jpg,8789,13,Fixation,500,1419,831,663.05,663.05,0,0
Adult8,I-VT filter,BottomRight.jpg,8792,13,Fixation,500,1424,809,663.2,663.2,0,0
Adult8,I-VT filter,BottomRight.jpg,8795,13,Fixation,500,1424,825,663.07,663.07,0,0
Adult8,I-VT filter,BottomRight.jpg,8799,13,Fixation,500,1417,818,662.69,662.69,0,0
Adult8,I-VT filter,BottomRight.jpg,8802,13,Fixation,500,1426,823,662.13,662.13,0,0
Adult8,I-VT filter,BottomRight.jpg,8805,13,Fixation,500,1425,821,662.33,662.33,0,0
Adult8,I-VT filter,BottomRight.jpg,8809,13,Fixation,500,1420,824,662.56,662.56,0,0
Adult8,I-VT filter,BottomRight.jpg,8812,13,Fixation,500,1420,822,661.96,661.96,0,0
Adult8,I-VT filter,BottomRight.jpg,8815,13,Fixation,500,1424,820,661.84,661.84,0,0
Adult8,I-VT filter,BottomRight.jpg,8819,13,Fixation,500,1428,818,662.02,662.02,0,0
Adult8,I-VT filter,BottomRight.jpg,8822,13,Fixation,500,1419,822,662.24,662.24,0,0
Adult8,I-VT filter,BottomRight.jpg,8825,13,Fixation,500,1420,823,662.78,662.78,0,0
Adult8,I-VT filter,BottomRight.jpg,8829,13,Fixation,500,1430,817,662.67,662.67,0,0
Adult8,I-VT filter,BottomRight.jpg,8832,13,Fixation,500,1426,819,663.03,663.03,0,0
Adult8,I-VT filter,BottomRight.jpg,8835,13,Fixation,500,1429,820,662.84,662.84,0,0
Adult8,I-VT filter,BottomRight.jpg,8839,13,Fixation,500,1418,828,662.79,662.79,0,0
Adult8,I-VT filter,BottomRight.jpg,8842,13,Fixation,500,1422,806,663.12,663.12,0,0
Adult8,I-VT filter,BottomRight.jpg,8845,13,Fixation,500,1429,820,662.86,662.86,0,0
Adult8,I-VT filter,BottomRight.jpg,8849,13,Fixation,500,1428,820,663.08,663.08,0,0
Adult8,I-VT filter,BottomRight.jpg,8852,13,Fixation,500,1423,815,662.84,662.84,0,0
Adult8,I-VT filter,BottomRight.jpg,8855,13,Fixation,500,1423,820,663.34,663.34,0,0
Adult8,I-VT filter,BottomRight.jpg,8859,13,Fixation,500,1424,821,663.72,663.72,0,0
Adult8,I-VT filter,BottomRight.jpg,8862,13,Fixation,500,1426,817,663.62,663.62,0,0
Adult8,I-VT filter,BottomRight.jpg,8865,13,Fixation,500,1423,813,663.39,663.39,0,0
Adult8,I-VT filter,BottomRight.jpg,8869,13,Fixation,500,1415,803,663.46,663.46,0,0
Adult8,I-VT filter,BottomRight.jpg,8872,13,Fixation,500,1425,817,663.36,663.36,0,0
Adult8,I-VT filter,BottomRight.jpg,8875,13,Fixation,500,1429,824,663.57,663.57,0,0
Adult8,I-VT filter,BottomRight.jpg,8879,13,Fixation,500,1428,828,662.9,662.9,0,0
Adult8,I-VT filter,BottomRight.jpg,8882,13,Fixation,500,1431,814,662.44,662.44,0,0
Adult8,I-VT filter,BottomRight.jpg,8885,13,Fixation,500,1427,813,662.28,662.28,0,0
Adult8,I-VT filter,BottomRight.jpg,8889,,Saccade,3,1429,817,662.63,662.63,0,0
Adult8,I-VT filter,BottomRight.jpg,8892,,Unclassified,47,1446,819,662.67,662.67,0,0
Adult8,I-VT filter,BottomRight.jpg,8895,,Unclassified,47,1443,812,662.17,662.17,0,0
Adult8,I-VT filter,BottomRight.jpg,8899,,Unclassified,47,1445,801,662.09,662.09,0,0
Adult8,I-VT filter,BottomRight.jpg,8902,,Unclassified,47,1437,808,662.33,662.33,0,0
Adult8,I-VT filter,BottomRight.jpg,8905,,Unclassified,47,1438,799,662.3,662.3,0,0
Adult8,I-VT filter,BottomRight.jpg,8909,,Unclassified,47,1437,806,662.25,662.25,0,0
Adult8,I-VT filter,BottomRight.jpg,8912,,Unclassified,47,1443,809,662.34,662.34,0,0
Adult8,I-VT filter,BottomRight.jpg,8915,,Unclassified,47,1440,800,662.42,662.42,0,0
Adult8,I-VT filter,BottomRight.jpg,8919,,Unclassified,47,1441,806,662.88,662.88,0,0
Adult8,I-VT filter,BottomRight.jpg,8922,,Unclassified,47,1433,817,663.1,663.1,0,0
Adult8,I-VT filter,BottomRight.jpg,8925,,Unclassified,47,1433,805,662.26,662.26,0,0
Adult8,I-VT filter,BottomRight.jpg,8929,,Unclassified,47,1432,782,662.74,662.74,0,0
Adult8,I-VT filter,BottomRight.jpg,8932,,Unclassified,47,1434,799,662.82,662.82,0,0
Adult8,I-VT filter,BottomRight.jpg,8935,,Unclassified,47,1443,808,662.68,662.68,0,0
Adult8,I-VT filter,BottomRight.jpg,8939,,Saccade,3,1433,793,662.59,662.59,0,0
Adult8,I-VT filter,BottomRight.jpg,8942,,Unclassified,17,1439,807,662.14,662.14,0,0
Adult8,I-VT filter,BottomRight.jpg,8945,,Unclassified,17,1437,822,661.8,661.8,0,0
Adult8,I-VT filter,BottomRight.jpg,8949,,Unclassified,17,1443,820,661.85,661.85,0,0
Adult8,I-VT filter,BottomRight.jpg,8952,,Unclassified,17,1441,797,661.81,661.81,0,0
Adult8,I-VT filter,BottomRight.jpg,8955,,Unclassified,17,1436,797,661.97,661.97,0,0
Adult8,I-VT filter,BottomRight.jpg,8959,,Saccade,3,1439,797,661.5,661.5,0,0
Adult8,I-VT filter,BottomRight.jpg,8962,,Unclassified,7,1431,808,661.49,661.49,0,0
Adult8,I-VT filter,BottomRight.jpg,8965,,Unclassified,7,1432,804,661.4,661.4,0,0
Adult8,I-VT filter,BottomRight.jpg,8969,,Saccade,3,1437,795,661.41,661.41,0,0
Adult8,I-VT filter,BottomRight.jpg,8972,,Unclassified,17,1434,803,661.42,661.42,0,0
Adult8,I-VT filter,BottomRight.jpg,8975,,Unclassified,17,1437,806,661.55,661.55,0,0
Adult8,I-VT filter,BottomRight.jpg,8979,,Unclassified,17,1434,825,661.14,661.14,0,0
Adult8,I-VT filter,BottomRight.jpg,8982,,Unclassified,17,1438,810,661.99,661.99,0,0
Adult8,I-VT filter,BottomRight.jpg,8985,,Unclassified,17,1441,812,661.59,661.59,0,0
Adult8,I-VT filter,BottomRight.jpg,8989,,Saccade,3,1438,817,661.68,661.68,0,0
Adult8,I-VT filter,BottomRight.jpg,8992,14,Fixation,107,1439,817,661.53,661.53,0,0
Adult8,I-VT filter,BottomRight.jpg,8995,14,Fixation,107,1441,798,661.48,661.48,0,0
Adult8,I-VT filter,BottomRight.jpg,8999,14,Fixation,107,1436,799,661.48,661.48,0,0
Adult8,I-VT filter,BottomRight.jpg,9002,14,Fixation,107,1432,810,661.57,661.57,0,0
Adult8,I-VT filter,BottomRight.jpg,9005,14,Fixation,107,1439,803,661.68,661.68,0,0
Adult8,I-VT filter,BottomRight.jpg,9009,14,Fixation,107,1434,811,661.58,661.58,0,0
Adult8,I-VT filter,BottomRight.jpg,9012,14,Fixation,107,1440,816,661.84,661.84,0,0
Adult8,I-VT filter,BottomRight.jpg,9015,14,Fixation,107,1434,809,661.64,661.64,0,0
Adult8,I-VT filter,BottomRight.jpg,9019,14,Fixation,107,1435,807,661.38,661.38,0,0
Adult8,I-VT filter,BottomRight.jpg,9022,14,Fixation,107,1441,824,661.86,661.86,0,0
Adult8,I-VT filter,BottomRight.jpg,9025,14,Fixation,107,1443,793,661.53,661.53,0,0
Adult8,I-VT filter,BottomRight.jpg,9029,14,Fixation,107,1436,793,661.6,661.6,0,0
Adult8,I-VT filter,BottomRight.jpg,9032,14,Fixation,107,1442,805,661.51,661.51,0,0
Adult8,I-VT filter,BottomRight.jpg,9035,14,Fixation,107,1435,806,661.63,661.63,0,0
Adult8,I-VT filter,BottomRight.jpg,9038,14,Fixation,107,1446,818,661.38,661.38,0,0
Adult8,I-VT filter,BottomRight.jpg,9042,14,Fixation,107,1441,804,661.9,661.9,0,0
Adult8,I-VT filter,BottomRight.jpg,9045,14,Fixation,107,1443,808,661.91,661.91,0,0
Adult8,I-VT filter,BottomRight.jpg,9049,14,Fixation,107,1439,808,662.01,662.01,0,0
Adult8,I-VT filter,BottomRight.jpg,9052,14,Fixation,107,1440,813,662.22,662.22,0,0
Adult8,I-VT filter,BottomRight.jpg,9055,14,Fixation,107,1431,811,662.24,662.24,0,0
Adult8,I-VT filter,BottomRight.jpg,9059,14,Fixation,107,1438,795,662.45,662.45,0,0
Adult8,I-VT filter,BottomRight.jpg,9062,14,Fixation,107,1431,787,662.78,662.78,0,0
Adult8,I-VT filter,BottomRight.jpg,9065,14,Fixation,107,1439,791,662.93,662.93,0,0
Adult8,I-VT filter,BottomRight.jpg,9069,14,Fixation,107,1436,809,663.1,663.1,0,0
Adult8,I-VT filter,BottomRight.jpg,9072,14,Fixation,107,1436,806,663.26,663.26,0,0
Adult8,I-VT filter,BottomRight.jpg,9075,14,Fixation,107,1441,805,663.37,663.37,0,0
Adult8,I-VT filter,BottomRight.jpg,9078,14,Fixation,107,1427,799,663.5,663.5,0,0
Adult8,I-VT filter,BottomRight.jpg,9082,14,Fixation,107,1439,804,663.22,663.22,0,0
Adult8,I-VT filter,BottomRight.jpg,9085,14,Fixation,107,1445,796,663.48,663.48,0,0
Adult8,I-VT filter,BottomRight.jpg,9089,14,Fixation,107,1435,804,663.56,663.56,0,0
Adult8,I-VT filter,BottomRight.jpg,9092,14,Fixation,107,1446,810,663.76,663.76,0,0
Adult8,I-VT filter,BottomRight.jpg,9095,14,Fixation,107,1438,803,663.64,663.64,0,0
Adult8,I-VT filter,BottomRight.jpg,9099,,Saccade,3,1440,811,663.04,663.04,0,0
Adult8,I-VT filter,BottomRight.jpg,9102,,Unclassified,17,1439,803,663.47,663.47,0,0
Adult8,I-VT filter,BottomRight.jpg,9105,,Unclassified,17,1436,794,663.01,663.01,0,0
Adult8,I-VT filter,BottomRight.jpg,9108,,Unclassified,17,1435,775,663.25,663.25,0,0
Adult8,I-VT filter,BottomRight.jpg,9112,,Unclassified,17,1436,818,663.07,663.07,0,0
Adult8,I-VT filter,BottomRight.jpg,9115,,Unclassified,17,1438,822,662.91,662.91,0,0
Adult8,I-VT filter,BottomRight.jpg,9119,,Saccade,3,1441,801,662.86,662.86,0,0
Adult8,I-VT filter,BottomRight.jpg,9122,,Unclassified,57,1435,802,662.94,662.94,0,0
Adult8,I-VT filter,BottomRight.jpg,9125,,Unclassified,57,1439,812,663.01,663.01,0,0
Adult8,I-VT filter,BottomRight.jpg,9129,,Unclassified,57,1435,812,662.95,662.95,0,0
Adult8,I-VT filter,BottomRight.jpg,9132,,Unclassified,57,1440,796,662.83,662.83,0,0
Adult8,I-VT filter,BottomRight.jpg,9135,,Unclassified,57,1442,813,662.75,662.75,0,0
Adult8,I-VT filter,BottomRight.jpg,9139,,Unclassified,57,1445,799,662.65,662.65,0,0
Adult8,I-VT filter,BottomRight.jpg,9142,,Unclassified,57,1437,784,662.61,662.61,0,0
Adult8,I-VT filter,BottomRight.jpg,9145,,Unclassified,57,1441,804,662.21,662.21,0,0
Adult8,I-VT filter,BottomRight.jpg,9148,,Unclassified,57,1439,810,662.43,662.43,0,0
Adult8,I-VT filter,BottomRight.jpg,9152,,Unclassified,57,1439,811,662.52,662.52,0,0
Adult8,I-VT filter,BottomRight.jpg,9155,,Unclassified,57,1440,814,662.13,662.13,0,0
Adult8,I-VT filter,BottomRight.jpg,9159,,Unclassified,57,1439,799,662.24,662.24,0,0
Adult8,I-VT filter,BottomRight.jpg,9162,,Unclassified,57,1437,801,662.32,662.32,0,0
Adult8,I-VT filter,BottomRight.jpg,9165,,Unclassified,57,1440,801,662.39,662.39,0,0
Adult8,I-VT filter,BottomRight.jpg,9169,,Unclassified,57,1442,798,662.3,662.3,0,0
Adult8,I-VT filter,BottomRight.jpg,9172,,Unclassified,57,1432,803,662.04,662.04,0,0
Adult8,I-VT filter,BottomRight.jpg,9175,,Unclassified,57,1435,810,662.64,662.64,0,0
Adult8,I-VT filter,BottomRight.jpg,9178,,Saccade,3,1437,816,662.24,662.24,0,0
Adult8,I-VT filter,BottomRight.jpg,9182,15,Fixation,163,1443,813,662.67,662.67,0,0
Adult8,I-VT filter,BottomRight.jpg,9185,15,Fixation,163,1439,811,662.83,662.83,0,0
Adult8,I-VT filter,BottomRight.jpg,9189,15,Fixation,163,1443,823,662.76,662.76,0,0
Adult8,I-VT filter,BottomRight.jpg,9192,15,Fixation,163,1444,807,662.97,662.97,0,0
Adult8,I-VT filter,BottomRight.jpg,9195,15,Fixation,163,1436,810,662.79,662.79,0,0
Adult8,I-VT filter,BottomRight.jpg,9199,15,Fixation,163,1441,819,662.93,662.93,0,0
Adult8,I-VT filter,BottomRight.jpg,9202,15,Fixation,163,1440,811,662.67,662.67,0,0
Adult8,I-VT filter,BottomRight.jpg,9205,15,Fixation,163,1435,819,662.78,662.78,0,0
Adult8,I-VT filter,BottomRight.jpg,9208,15,Fixation,163,1444,822,662.33,662.33,0,0
Adult8,I-VT filter,BottomRight.jpg,9212,15,Fixation,163,1444,810,662.11,662.11,0,0
Adult8,I-VT filter,BottomRight.jpg,9215,15,Fixation,163,1435,806,662.71,662.71,0,0
Adult8,I-VT filter,BottomRight.jpg,9218,15,Fixation,163,1433,811,662.08,662.08,0,0
Adult8,I-VT filter,BottomRight.jpg,9222,15,Fixation,163,1444,810,662.23,662.23,0,0
Adult8,I-VT filter,BottomRight.jpg,9225,15,Fixation,163,1431,808,661.91,661.91,0,0
Adult8,I-VT filter,BottomRight.jpg,9229,15,Fixation,163,1430,807,661.71,661.71,0,0
Adult8,I-VT filter,BottomRight.jpg,9232,15,Fixation,163,1438,799,661.75,661.75,0,0
Adult8,I-VT filter,BottomRight.jpg,9235,15,Fixation,163,1439,802,661.78,661.78,0,0
Adult8,I-VT filter,BottomRight.jpg,9238,15,Fixation,163,1435,798,661.86,661.86,0,0
Adult8,I-VT filter,BottomRight.jpg,9242,15,Fixation,163,1436,801,661.73,661.73,0,0
Adult8,I-VT filter,BottomRight.jpg,9245,15,Fixation,163,1426,806,661.28,661.28,0,0
Adult8,I-VT filter,BottomRight.jpg,9248,15,Fixation,163,1438,797,661.52,661.52,0,0
Adult8,I-VT filter,BottomRight.jpg,9252,15,Fixation,163,1437,807,661.58,661.58,0,0
Adult8,I-VT filter,BottomRight.jpg,9255,15,Fixation,163,1425,790,661.55,661.55,0,0
Adult8,I-VT filter,BottomRight.jpg,9259,15,Fixation,163,1434,802,661.46,661.46,0,0
Adult8,I-VT filter,BottomRight.jpg,9262,15,Fixation,163,1439,799,661.59,661.59,0,0
Adult8,I-VT filter,BottomRight.jpg,9265,15,Fixation,163,1444,810,661.44,661.44,0,0
Adult8,I-VT filter,BottomRight.jpg,9268,15,Fixation,163,1436,803,661.45,661.45,0,0
Adult8,I-VT filter,BottomRight.jpg,9272,15,Fixation,163,1433,799,661.47,661.47,0,0
Adult8,I-VT filter,BottomRight.jpg,9275,15,Fixation,163,1433,803,661.87,661.87,0,0
Adult8,I-VT filter,BottomRight.jpg,9278,15,Fixation,163,1436,804,662.11,662.11,0,0
Adult8,I-VT filter,BottomRight.jpg,9282,15,Fixation,163,1431,796,662.09,662.09,0,0
Adult8,I-VT filter,BottomRight.jpg,9285,15,Fixation,163,1434,814,661.96,661.96,0,0
Adult8,I-VT filter,BottomRight.jpg,9288,15,Fixation,163,1432,799,661.9,661.9,0,0
Adult8,I-VT filter,BottomRight.jpg,9292,15,Fixation,163,1440,813,662.32,662.32,0,0
Adult8,I-VT filter,BottomRight.jpg,9295,15,Fixation,163,1440,808,662.43,662.43,0,0
Adult8,I-VT filter,BottomRight.jpg,9299,15,Fixation,163,1433,805,662.66,662.66,0,0
Adult8,I-VT filter,BottomRight.jpg,9302,15,Fixation,163,1438,806,662.66,662.66,0,0
Adult8,I-VT filter,BottomRight.jpg,9305,15,Fixation,163,1437,799,662.77,662.77,0,0
Adult8,I-VT filter,BottomRight.jpg,9308,15,Fixation,163,1435,801,662.62,662.62,0,0
Adult8,I-VT filter,BottomRight.jpg,9312,15,Fixation,163,1439,822,662.59,662.59,0,0
Adult8,I-VT filter,BottomRight.jpg,9315,15,Fixation,163,1434,810,662.89,662.89,0,0
Adult8,I-VT filter,BottomRight.jpg,9318,15,Fixation,163,1439,825,663.03,663.03,0,0
Adult8,I-VT filter,BottomRight.jpg,9322,15,Fixation,163,1433,809,663.11,663.11,0,0
Adult8,I-VT filter,BottomRight.jpg,9325,15,Fixation,163,1444,801,663.17,663.17,0,0
Adult8,I-VT filter,BottomRight.jpg,9329,15,Fixation,163,1445,818,663.36,663.36,0,0
Adult8,I-VT filter,BottomRight.jpg,9332,15,Fixation,163,1434,817,663.55,663.55,0,0
Adult8,I-VT filter,BottomRight.jpg,9335,15,Fixation,163,1433,833,663.4,663.4,0,0
Adult8,I-VT filter,BottomRight.jpg,9338,15,Fixation,163,1435,814,663.69,663.69,0,0
Adult8,I-VT filter,BottomRight.jpg,9342,15,Fixation,163,1436,814,663.11,663.11,0,0
Adult8,I-VT filter,BottomRight.jpg,9345,,Saccade,3,1438,821,663.5,663.5,0,0
Adult8,I-VT filter,BottomRight.jpg,9348,,Unclassified,7,1435,807,663.44,663.44,0,0
Adult8,I-VT filter,BottomRight.jpg,9352,,Unclassified,7,1442,818,663.25,663.25,0,0
Adult8,I-VT filter,BottomRight.jpg,9355,,Saccade,3,1437,808,663.61,663.61,0,0
Adult8,I-VT filter,BottomRight.jpg,9359,16,Fixation,263,1441,821,663.49,663.49,0,0
Adult8,I-VT filter,BottomRight.jpg,9362,16,Fixation,263,1434,809,662.84,662.84,0,0
Adult8,I-VT filter,BottomRight.jpg,9365,16,Fixation,263,1434,797,662.99,662.99,0,0
Adult8,I-VT filter,BottomRight.jpg,9368,16,Fixation,263,1440,790,663.14,663.14,0,0
Adult8,I-VT filter,BottomRight.jpg,9372,16,Fixation,263,1442,809,663.18,663.18,0,0
Adult8,I-VT filter,BottomRight.jpg,9375,16,Fixation,263,1444,801,663.21,663.21,0,0
Adult8,I-VT filter,BottomRight.jpg,9378,16,Fixation,263,1444,812,663.09,663.09,0,0
Adult8,I-VT filter,BottomRight.jpg,9382,16,Fixation,263,1443,820,663.2,663.2,0,0
Adult8,I-VT filter,BottomRight.jpg,9385,16,Fixation,263,1433,811,663.11,663.11,0,0
Adult8,I-VT filter,BottomRight.jpg,9388,16,Fixation,263,1441,810,663.06,663.06,0,0
Adult8,I-VT filter,BottomRight.jpg,9392,16,Fixation,263,1433,809,662.98,662.98,0,0
Adult8,I-VT filter,BottomRight.jpg,9395,16,Fixation,263,1436,814,663.01,663.01,0,0
Adult8,I-VT filter,BottomRight.jpg,9398,16,Fixation,263,1440,804,662.7,662.7,0,0
Adult8,I-VT filter,BottomRight.jpg,9402,16,Fixation,263,1439,806,662.69,662.69,0,0
Adult8,I-VT filter,BottomRight.jpg,9405,16,Fixation,263,1435,797,662.95,662.95,0,0
Adult8,I-VT filter,BottomRight.jpg,9408,16,Fixation,263,1447,806,662.78,662.78,0,0
Adult8,I-VT filter,BottomRight.jpg,9412,16,Fixation,263,1436,806,662.87,662.87,0,0
Adult8,I-VT filter,BottomRight.jpg,9415,16,Fixation,263,1442,806,662.61,662.61,0,0
Adult8,I-VT filter,BottomRight.jpg,9418,16,Fixation,263,1440,816,662.59,662.59,0,0
Adult8,I-VT filter,BottomRight.jpg,9422,16,Fixation,263,1437,810,662.63,662.63,0,0
Adult8,I-VT filter,BottomRight.jpg,9425,16,Fixation,263,1434,809,662.63,662.63,0,0
Adult8,I-VT filter,BottomRight.jpg,9429,16,Fixation,263,1446,798,662.35,662.35,0,0
Adult8,I-VT filter,BottomRight.jpg,9432,16,Fixation,263,1438,799,662.73,662.73,0,0
Adult8,I-VT filter,BottomRight.jpg,9435,16,Fixation,263,1441,812,662.53,662.53,0,0
Adult8,I-VT filter,BottomRight.jpg,9438,16,Fixation,263,1438,808,662.79,662.79,0,0
Adult8,I-VT filter,BottomRight.jpg,9442,16,Fixation,263,1441,798,662.76,662.76,0,0
Adult8,I-VT filter,BottomRight.jpg,9445,16,Fixation,263,1435,814,662.71,662.71,0,0
Adult8,I-VT filter,BottomRight.jpg,9448,16,Fixation,263,1438,814,663.04,663.04,0,0
Adult8,I-VT filter,BottomRight.jpg,9452,16,Fixation,263,1439,807,663.16,663.16,0,0
Adult8,I-VT filter,BottomRight.jpg,9455,16,Fixation,263,1439,811,663.26,663.26,0,0
Adult8,I-VT filter,BottomRight.jpg,9458,16,Fixation,263,1433,804,663.24,663.24,0,0
Adult8,I-VT filter,BottomRight.jpg,9462,16,Fixation,263,1436,811,662.63,662.63,0,0
Adult8,I-VT filter,BottomRight.jpg,9465,16,Fixation,263,1439,811,662.46,662.46,0,0
Adult8,I-VT filter,BottomRight.jpg,9468,16,Fixation,263,1437,811,662.42,662.42,0,0
Adult8,I-VT filter,BottomRight.jpg,9472,16,Fixation,263,1433,812,662.46,662.46,0,0
Adult8,I-VT filter,BottomRight.jpg,9475,16,Fixation,263,1440,814,662.98,662.98,0,0
Adult8,I-VT filter,BottomRight.jpg,9478,16,Fixation,263,1440,809,663.29,663.29,0,0
Adult8,I-VT filter,BottomRight.jpg,9482,16,Fixation,263,1441,812,663.75,663.75,0,0
Adult8,I-VT filter,BottomRight.jpg,9485,16,Fixation,263,1436,808,664.03,664.03,0,0
Adult8,I-VT filter,BottomRight.jpg,9488,16,Fixation,263,1434,796,664.34,664.34,0,0
Adult8,I-VT filter,BottomRight.jpg,9492,16,Fixation,263,1435,810,664.45,664.45,0,0
Adult8,I-VT filter,BottomRight.jpg,9495,16,Fixation,263,1441,797,663.7,663.7,0,0
Adult8,I-VT filter,BottomRight.jpg,9499,16,Fixation,263,1432,796,663.73,663.73,0,0
Adult8,I-VT filter,BottomRight.jpg,9502,16,Fixation,263,1430,794,663.02,663.02,0,0
Adult8,I-VT filter,BottomRight.jpg,9505,16,Fixation,263,1427,788,663.09,663.09,0,0
Adult8,I-VT filter,BottomRight.jpg,9508,16,Fixation,263,1432,798,662.92,662.92,0,0
Adult8,I-VT filter,BottomRight.jpg,9512,16,Fixation,263,1437,812,662.89,662.89,0,0
Adult8,I-VT filter,BottomRight.jpg,9515,16,Fixation,263,1433,795,663.25,663.25,0,0
Adult8,I-VT filter,BottomRight.jpg,9518,16,Fixation,263,1425,799,663.11,663.11,0,0
Adult8,I-VT filter,BottomRight.jpg,9522,16,Fixation,263,1431,797,663.22,663.22,0,0
Adult8,I-VT filter,BottomRight.jpg,9525,16,Fixation,263,1429,809,663.69,663.69,0,0
Adult8,I-VT filter,BottomRight.jpg,9529,16,Fixation,263,1434,787,663.36,663.36,0,0
Adult8,I-VT filter,BottomRight.jpg,9532,16,Fixation,263,1436,789,663.51,663.51,0,0
Adult8,I-VT filter,BottomRight.jpg,9535,16,Fixation,263,1431,801,663.13,663.13,0,0
Adult8,I-VT filter,BottomRight.jpg,9538,16,Fixation,263,1430,802,662.94,662.94,0,0
Adult8,I-VT filter,BottomRight.jpg,9542,16,Fixation,263,1431,790,662.93,662.93,0,0
Adult8,I-VT filter,BottomRight.jpg,9545,16,Fixation,263,1434,800,663.1,663.1,0,0
Adult8,I-VT filter,BottomRight.jpg,9548,16,Fixation,263,1436,798,662.77,662.77,0,0
Adult8,I-VT filter,BottomRight.jpg,9552,16,Fixation,263,1433,803,663.06,663.06,0,0
Adult8,I-VT filter,BottomRight.jpg,9555,16,Fixation,263,1436,797,662.87,662.87,0,0
Adult8,I-VT filter,BottomRight.jpg,9558,16,Fixation,263,1436,807,662.7,662.7,0,0
Adult8,I-VT filter,BottomRight.jpg,9562,16,Fixation,263,1438,808,662.92,662.92,0,0
Adult8,I-VT filter,BottomRight.jpg,9565,16,Fixation,263,1438,811,663.1,663.1,0,0
Adult8,I-VT filter,BottomRight.jpg,9568,16,Fixation,263,1434,809,663.15,663.15,0,0
Adult8,I-VT filter,BottomRight.jpg,9572,16,Fixation,263,1429,815,663.25,663.25,0,0
Adult8,I-VT filter,BottomRight.jpg,9575,16,Fixation,263,1437,813,663.7,663.7,0,0
Adult8,I-VT filter,BottomRight.jpg,9578,16,Fixation,263,1437,817,663.6,663.6,0,0
Adult8,I-VT filter,BottomRight.jpg,9582,16,Fixation,263,1439,814,663.32,663.32,0,0
Adult8,I-VT filter,BottomRight.jpg,9585,16,Fixation,263,1434,807,663.38,663.38,0,0
Adult8,I-VT filter,BottomRight.jpg,9588,16,Fixation,263,1439,817,663.41,663.41,0,0
Adult8,I-VT filter,BottomRight.jpg,9592,16,Fixation,263,1436,808,663.31,663.31,0,0
Adult8,I-VT filter,,9595,16,Fixation,263,1439,823,663.21,663.21,0,0
Adult8,I-VT filter,,9598,16,Fixation,263,1438,809,663.45,663.45,0,0
Adult8,I-VT filter,,9602,16,Fixation,263,1433,796,663.26,663.26,0,0
Adult8,I-VT filter,,9605,16,Fixation,263,1435,808,663.27,663.27,0,0
Adult8,I-VT filter,,9608,16,Fixation,263,1432,814,663.25,663.25,0,0
Adult8,I-VT filter,TopRight.jpg,9612,16,Fixation,263,1434,788,662.85,662.85,0,0
Adult8,I-VT filter,TopRight.jpg,9615,16,Fixation,263,1435,803,663.35,663.35,0,0
Adult8,I-VT filter,TopRight.jpg,9618,16,Fixation,263,1433,803,663.48,663.48,0,0
Adult8,I-VT filter,TopRight.jpg,9622,,Saccade,3,1439,809,663.55,663.55,0,0
Adult8,I-VT filter,TopRight.jpg,9625,,Unclassified,10,1442,815,663.11,663.11,0,0
Adult8,I-VT filter,TopRight.jpg,9628,,Unclassified,10,1441,794,663.14,663.14,0,0
Adult8,I-VT filter,TopRight.jpg,9632,,Unclassified,10,1440,815,663.21,663.21,0,0
Adult8,I-VT filter,TopRight.jpg,9635,,Saccade,3,1437,817,663.44,663.44,0,0
Adult8,I-VT filter,TopRight.jpg,9638,17,Fixation,100,1434,811,663.18,663.18,0,0
Adult8,I-VT filter,TopRight.jpg,9642,17,Fixation,100,1425,813,663.33,663.33,0,0
Adult8,I-VT filter,TopRight.jpg,9645,17,Fixation,100,1433,791,663.59,663.59,0,0
Adult8,I-VT filter,TopRight.jpg,9648,17,Fixation,100,1438,792,663.99,663.99,0,0
Adult8,I-VT filter,TopRight.jpg,9652,17,Fixation,100,1435,805,664.11,664.11,0,0
Adult8,I-VT filter,TopRight.jpg,9655,17,Fixation,100,1429,803,663.67,663.67,0,0
Adult8,I-VT filter,TopRight.jpg,9658,17,Fixation,100,1435,795,664.29,664.29,0,0
Adult8,I-VT filter,TopRight.jpg,9662,17,Fixation,100,1426,797,663.7,663.7,0,0
Adult8,I-VT filter,TopRight.jpg,9665,17,Fixation,100,1424,794,663.87,663.87,0,0
Adult8,I-VT filter,TopRight.jpg,9668,17,Fixation,100,1433,805,663.52,663.52,0,0
Adult8,I-VT filter,TopRight.jpg,9672,17,Fixation,100,1428,800,663.41,663.41,0,0
Adult8,I-VT filter,TopRight.jpg,9675,17,Fixation,100,1427,810,663.45,663.45,0,0
Adult8,I-VT filter,TopRight.jpg,9678,17,Fixation,100,1429,795,663.31,663.31,0,0
Adult8,I-VT filter,TopRight.jpg,9682,17,Fixation,100,1423,791,663.53,663.53,0,0
Adult8,I-VT filter,TopRight.jpg,9685,17,Fixation,100,1426,806,662.96,662.96,0,0
Adult8,I-VT filter,TopRight.jpg,9688,17,Fixation,100,1430,802,663.39,663.39,0,0
Adult8,I-VT filter,TopRight.jpg,9692,17,Fixation,100,1423,808,663.6,663.6,0,0
Adult8,I-VT filter,TopRight.jpg,9695,17,Fixation,100,1429,808,663.08,663.08,0,0
Adult8,I-VT filter,TopRight.jpg,9698,17,Fixation,100,1431,809,663.45,663.45,0,0
Adult8,I-VT filter,TopRight.jpg,9702,17,Fixation,100,1428,812,663.42,663.42,0,0
Adult8,I-VT filter,TopRight.jpg,9705,17,Fixation,100,1432,804,663.43,663.43,0,0
Adult8,I-VT filter,TopRight.jpg,9708,17,Fixation,100,1428,803,663.5,663.5,0,0
Adult8,I-VT filter,TopRight.jpg,9712,17,Fixation,100,1431,800,663.47,663.47,0,0
Adult8,I-VT filter,TopRight.jpg,9715,17,Fixation,100,1428,795,663.75,663.75,0,0
Adult8,I-VT filter,TopRight.jpg,9718,17,Fixation,100,1425,802,663.66,663.66,0,0
Adult8,I-VT filter,TopRight.jpg,9722,17,Fixation,100,1433,804,664.13,664.13,0,0
Adult8,I-VT filter,TopRight.jpg,9725,17,Fixation,100,1427,796,664,664,0,0
Adult8,I-VT filter,TopRight.jpg,9728,17,Fixation,100,1433,807,663.78,663.78,0,0
Adult8,I-VT filter,TopRight.jpg,9732,17,Fixation,100,1422,794,664.29,664.29,0,0
Adult8,I-VT filter,TopRight.jpg,9735,17,Fixation,100,1431,803,664.28,664.28,0,0
Adult8,I-VT filter,TopRight.jpg,9738,,Saccade,70,1422,793,664.12,664.12,0,0
Adult8,I-VT filter,TopRight.jpg,9742,,Saccade,70,1426,802,663.74,663.74,0,0
Adult8,I-VT filter,TopRight.jpg,9745,,Saccade,70,1426,795,663.45,663.45,0,0
Adult8,I-VT filter,TopRight.jpg,9748,,Saccade,70,1418,749,661.53,661.53,0,0
Adult8,I-VT filter,TopRight.jpg,9752,,Saccade,70,1417,735,662.04,662.04,0,0
Adult8,I-VT filter,TopRight.jpg,9755,,Saccade,70,1409,674,662.39,662.39,0,0
Adult8,I-VT filter,TopRight.jpg,9758,,Saccade,70,1407,652,661.69,661.69,0,0
Adult8,I-VT filter,TopRight.jpg,9762,,Saccade,70,1403,610,660.55,660.55,0,0
Adult8,I-VT filter,TopRight.jpg,9765,,Saccade,70,1397,572,661.16,661.16,0,0
Adult8,I-VT filter,TopRight.jpg,9768,,Saccade,70,1403,531,659.42,659.42,0,0
Adult8,I-VT filter,TopRight.jpg,9772,,Saccade,70,1398,501,656.06,656.06,0,0
Adult8,I-VT filter,TopRight.jpg,9775,,Saccade,70,1402,462,654.02,654.02,0,0
Adult8,I-VT filter,TopRight.jpg,9778,,Saccade,70,1400,424,651.75,651.75,0,0
Adult8,I-VT filter,TopRight.jpg,9782,,Saccade,70,1405,409,649.63,649.63,0,0
Adult8,I-VT filter,TopRight.jpg,9785,,Saccade,70,1407,384,648.36,648.36,0,0
Adult8,I-VT filter,TopRight.jpg,9788,,Saccade,70,1408,372,647.9,647.9,0,0
Adult8,I-VT filter,TopRight.jpg,9792,,Saccade,70,1410,357,644.55,644.55,0,0
Adult8,I-VT filter,TopRight.jpg,9795,,Saccade,70,1405,329,645.61,645.61,0,0
Adult8,I-VT filter,TopRight.jpg,9798,,Saccade,70,1410,316,645.42,645.42,0,0
Adult8,I-VT filter,TopRight.jpg,9802,,Saccade,70,1409,317,644.39,644.39,0,0
Adult8,I-VT filter,TopRight.jpg,9805,,Saccade,70,1410,322,644.3,644.3,0,0
Adult8,I-VT filter,TopRight.jpg,9808,,Unclassified,7,1413,316,644.21,644.21,0,0
Adult8,I-VT filter,TopRight.jpg,9812,,Unclassified,7,1413,318,644.27,644.27,0,0
Adult8,I-VT filter,TopRight.jpg,9815,,Saccade,10,1422,294,651.28,651.28,0,0
Adult8,I-VT filter,TopRight.jpg,9818,,Saccade,10,1420,297,650.92,650.92,0,0
Adult8,I-VT filter,TopRight.jpg,9822,,Saccade,10,1420,298,650.89,650.89,0,0
Adult8,I-VT filter,TopRight.jpg,9825,18,Fixation,90,1428,293,650.51,650.51,0,0
Adult8,I-VT filter,TopRight.jpg,9828,18,Fixation,90,1421,292,650.52,650.52,0,0
Adult8,I-VT filter,TopRight.jpg,9832,18,Fixation,90,1416,291,650.83,650.83,0,0
Adult8,I-VT filter,TopRight.jpg,9835,18,Fixation,90,1417,290,650.96,650.96,0,0
Adult8,I-VT filter,TopRight.jpg,9838,18,Fixation,90,1416,290,650.72,650.72,0,0
Adult8,I-VT filter,TopRight.jpg,9842,18,Fixation,90,1417,297,651.03,651.03,0,0
Adult8,I-VT filter,TopRight.jpg,9845,18,Fixation,90,1423,294,651.1,651.1,0,0
Adult8,I-VT filter,TopRight.jpg,9848,18,Fixation,90,1412,295,650.65,650.65,0,0
Adult8,I-VT filter,TopRight.jpg,9852,18,Fixation,90,1418,291,650.51,650.51,0,0
Adult8,I-VT filter,TopRight.jpg,9855,18,Fixation,90,1423,287,650.47,650.47,0,0
Adult8,I-VT filter,TopRight.jpg,9858,18,Fixation,90,1416,292,650.81,650.81,0,0
Adult8,I-VT filter,TopRight.jpg,9862,18,Fixation,90,1426,298,650.39,650.39,0,0
Adult8,I-VT filter,TopRight.jpg,9865,18,Fixation,90,1425,301,650.38,650.38,0,0
Adult8,I-VT filter,TopRight.jpg,9868,18,Fixation,90,1427,307,649.92,649.92,0,0
Adult8,I-VT filter,TopRight.jpg,9872,18,Fixation,90,1420,303,649.83,649.83,0,0
Adult8,I-VT filter,TopRight.jpg,9875,18,Fixation,90,1421,298,649.37,649.37,0,0
Adult8,I-VT filter,TopRight.jpg,9878,18,Fixation,90,1421,300,649.47,649.47,0,0
Adult8,I-VT filter,TopRight.jpg,9882,18,Fixation,90,1421,295,649.29,649.29,0,0
Adult8,I-VT filter,TopRight.jpg,9885,18,Fixation,90,1422,304,649.75,649.75,0,0
Adult8,I-VT filter,TopRight.jpg,9888,18,Fixation,90,1421,301,650.38,650.38,0,0
Adult8,I-VT filter,TopRight.jpg,9892,18,Fixation,90,1415,300,649.7,649.7,0,0
Adult8,I-VT filter,TopRight.jpg,9895,18,Fixation,90,1419,302,649.05,649.05,0,0
Adult8,I-VT filter,TopRight.jpg,9898,18,Fixation,90,1420,309,648.63,648.63,0,0
Adult8,I-VT filter,TopRight.jpg,9902,18,Fixation,90,1426,306,649.21,649.21,0,0
Adult8,I-VT filter,TopRight.jpg,9905,18,Fixation,90,1417,308,648.99,648.99,0,0
Adult8,I-VT filter,TopRight.jpg,9908,18,Fixation,90,1423,306,648.52,648.52,0,0
Adult8,I-VT filter,TopRight.jpg,9912,18,Fixation,90,1421,301,647.95,647.95,0,0
Adult8,I-VT filter,TopRight.jpg,9915,,Saccade,30,1425,310,646.88,646.88,0,0
Adult8,I-VT filter,TopRight.jpg,9918,,Saccade,30,1423,306,646.64,646.64,0,0
Adult8,I-VT filter,TopRight.jpg,9922,,Saccade,30,1420,294,647.42,647.42,0,0
Adult8,I-VT filter,TopRight.jpg,9925,,Saccade,30,1424,253,646.72,646.72,0,0
Adult8,I-VT filter,TopRight.jpg,9928,,Saccade,30,1435,255,645.46,645.46,0,0
Adult8,I-VT filter,TopRight.jpg,9932,,Saccade,30,1440,281,645.68,645.68,0,0
Adult8,I-VT filter,TopRight.jpg,9935,,Saccade,30,1459,289,646.1,646.1,0,0
Adult8,I-VT filter,TopRight.jpg,9938,,Saccade,30,1476,276,645.79,645.79,0,0
Adult8,I-VT filter,TopRight.jpg,9942,,Saccade,30,1476,289,645.77,645.77,0,0
Adult8,I-VT filter,TopRight.jpg,9945,,Unclassified,3,1506,210,646.44,646.44,0,0
Adult8,I-VT filter,TopRight.jpg,9948,,Saccade,7,1435,326,647.85,647.85,0,0
Adult8,I-VT filter,TopRight.jpg,9952,,Saccade,7,1476,283,647.21,647.21,0,0
Adult8,I-VT filter,TopRight.jpg,9955,,Unclassified,10,1465,282,644.62,,0,4
Adult8,I-VT filter,TopRight.jpg,9958,,Unclassified,10,1466,328,642.15,,0,4
Adult8,I-VT filter,TopRight.jpg,9962,,Unclassified,10,1499,376,639.76,,0,4
Adult8,I-VT filter,TopRight.jpg,9965,,Unclassified,203,,,,,4,4
Adult8,I-VT filter,TopRight.jpg,9968,,Unclassified,203,,,,,4,4
Adult8,I-VT filter,TopRight.jpg,9972,,Unclassified,203,,,,,4,4
Adult8,I-VT filter,TopRight.jpg,9975,,Unclassified,203,,,,,4,4
Adult8,I-VT filter,TopRight.jpg,9978,,Unclassified,203,,,,,4,4
Adult8,I-VT filter,TopRight.jpg,9982,,Unclassified,203,,,,,4,4
Adult8,I-VT filter,TopRight.jpg,9985,,Unclassified,203,,,,,4,4
Adult8,I-VT filter,TopRight.jpg,9988,,Unclassified,203,,,,,4,4
Adult8,I-VT filter,TopRight.jpg,9992,,Unclassified,203,,,,,4,4
Adult8,I-VT filter,TopRight.jpg,9995,,Unclassified,203,,,,,4,4
Adult8,I-VT filter,TopRight.jpg,9998,,Unclassified,203,,,,,4,4
Adult8,I-VT filter,TopRight.jpg,10002,,Unclassified,203,,,,,4,4
Adult8,I-VT filter,TopRight.jpg,10005,,Unclassified,203,,,,,4,4
Adult8,I-VT filter,TopRight.jpg,10008,,Unclassified,203,,,,,4,4
Adult8,I-VT filter,TopRight.jpg,10012,,Unclassified,203,,,,,4,4
Adult8,I-VT filter,TopRight.jpg,10015,,Unclassified,203,,,,,4,4
Adult8,I-VT filter,TopRight.jpg,10018,,Unclassified,203,,,,,4,4
Adult8,I-VT filter,TopRight.jpg,10022,,Unclassified,203,,,,,4,4
Adult8,I-VT filter,TopRight.jpg,10025,,Unclassified,203,,,,,4,4
Adult8,I-VT filter,TopRight.jpg,10028,,Unclassified,203,,,,,4,4
Adult8,I-VT filter,TopRight.jpg,10032,,Unclassified,203,,,,,4,4
Adult8,I-VT filter,TopRight.jpg,10035,,Unclassified,203,,,,,4,4
Adult8,I-VT filter,TopRight.jpg,10038,,Unclassified,203,,,,,4,4
Adult8,I-VT filter,TopRight.jpg,10042,,Unclassified,203,,,,,4,4
Adult8,I-VT filter,TopRight.jpg,10045,,Unclassified,203,,,,,4,4
Adult8,I-VT filter,TopRight.jpg,10048,,Unclassified,203,,,,,4,4
Adult8,I-VT filter,TopRight.jpg,10052,,Unclassified,203,,,,,4,4
Adult8,I-VT filter,TopRight.jpg,10055,,Unclassified,203,,,,,4,4
Adult8,I-VT filter,TopRight.jpg,10058,,Unclassified,203,,,,,4,4
Adult8,I-VT filter,TopRight.jpg,10062,,Unclassified,203,,,,,4,4
Adult8,I-VT filter,TopRight.jpg,10065,,Unclassified,203,,,,,4,4
Adult8,I-VT filter,TopRight.jpg,10068,,Unclassified,203,,,,,4,4
Adult8,I-VT filter,TopRight.jpg,10072,,Unclassified,203,,,,,4,4
Adult8,I-VT filter,TopRight.jpg,10075,,Unclassified,203,,,,,4,4
Adult8,I-VT filter,TopRight.jpg,10078,,Unclassified,203,,,,,4,4
Adult8,I-VT filter,TopRight.jpg,10082,,Unclassified,203,,,,,4,4
Adult8,I-VT filter,TopRight.jpg,10085,,Unclassified,203,,,,,4,4
Adult8,I-VT filter,TopRight.jpg,10088,,Unclassified,203,,,,,4,4
Adult8,I-VT filter,TopRight.jpg,10092,,Unclassified,203,,,,,4,4
Adult8,I-VT filter,TopRight.jpg,10095,,Unclassified,203,,,,,4,4
Adult8,I-VT filter,TopRight.jpg,10098,,Unclassified,203,,,,,4,4
Adult8,I-VT filter,TopRight.jpg,10102,,Unclassified,203,,,,,4,4
Adult8,I-VT filter,TopRight.jpg,10105,,Unclassified,203,,,,,4,4
Adult8,I-VT filter,TopRight.jpg,10108,,Unclassified,203,,,,,4,4
Adult8,I-VT filter,TopRight.jpg,10112,,Unclassified,203,,,,,4,4
Adult8,I-VT filter,TopRight.jpg,10115,,Unclassified,203,,,,,4,4
Adult8,I-VT filter,TopRight.jpg,10118,,Unclassified,203,,,,,4,4
Adult8,I-VT filter,TopRight.jpg,10122,,Unclassified,203,,,,,4,4
Adult8,I-VT filter,TopRight.jpg,10125,,Unclassified,203,,,,,4,4
Adult8,I-VT filter,TopRight.jpg,10128,,Unclassified,203,,,,,4,4
Adult8,I-VT filter,TopRight.jpg,10132,,Unclassified,203,,,,,4,4
Adult8,I-VT filter,TopRight.jpg,10135,,Unclassified,203,,,,,4,4
Adult8,I-VT filter,TopRight.jpg,10138,,Unclassified,203,,,,,4,4
Adult8,I-VT filter,TopRight.jpg,10142,,Unclassified,203,,,,,4,4
Adult8,I-VT filter,TopRight.jpg,10145,,Unclassified,203,,,,,4,4
Adult8,I-VT filter,TopRight.jpg,10148,,Unclassified,203,,,,,4,4
Adult8,I-VT filter,TopRight.jpg,10152,,Unclassified,203,,,,,4,4
Adult8,I-VT filter,TopRight.jpg,10155,,Unclassified,203,,,,,4,4
Adult8,I-VT filter,TopRight.jpg,10158,,Unclassified,203,,,,,4,4
Adult8,I-VT filter,TopRight.jpg,10162,,Unclassified,203,,,,,4,4
Adult8,I-VT filter,TopRight.jpg,10165,,Unclassified,203,,,,,4,4
Adult8,I-VT filter,TopRight.jpg,10168,,Unclassified,10,1487,250,660.6,660.6,0,0
Adult8,I-VT filter,TopRight.jpg,10172,,Unclassified,10,,,,,4,4
Adult8,I-VT filter,TopRight.jpg,10175,,Unclassified,10,1608,86,655.52,655.52,3,1
Adult8,I-VT filter,TopRight.jpg,10178,,Saccade,40,1582,178,655.52,655.52,3,1
Adult8,I-VT filter,TopRight.jpg,10182,,Saccade,40,1552,193,655.52,655.52,3,1
Adult8,I-VT filter,TopRight.jpg,10185,,Saccade,40,1534,180,655.52,655.52,3,1
Adult8,I-VT filter,TopRight.jpg,10188,,Saccade,40,1479,198,661.04,661.04,0,0
Adult8,I-VT filter,TopRight.jpg,10192,,Saccade,40,1478,203,661.24,661.24,0,0
Adult8,I-VT filter,TopRight.jpg,10195,,Saccade,40,1471,200,661.61,661.61,0,0
Adult8,I-VT filter,TopRight.jpg,10198,,Saccade,40,1464,208,662.2,662.2,0,0
Adult8,I-VT filter,TopRight.jpg,10202,,Saccade,40,1455,214,661.25,661.25,0,0
Adult8,I-VT filter,TopRight.jpg,10205,,Saccade,40,1432,237,646.52,646.52,0,0
Adult8,I-VT filter,TopRight.jpg,10208,,Saccade,40,1438,247,646.08,646.08,0,0
Adult8,I-VT filter,TopRight.jpg,10212,,Saccade,40,1445,237,646.13,646.13,0,0
Adult8,I-VT filter,TopRight.jpg,10215,,Saccade,40,1431,250,644.96,644.96,0,0
Adult8,I-VT filter,TopRight.jpg,10218,,Unclassified,3,1434,256,645.32,645.32,0,0
Adult8,I-VT filter,TopRight.jpg,10222,,Saccade,3,1432,268,644.51,644.51,0,0
Adult8,I-VT filter,TopRight.jpg,10225,19,Fixation,120,1436,268,644.06,644.06,0,0
Adult8,I-VT filter,TopRight.jpg,10228,19,Fixation,120,1428,262,643.46,643.46,0,0
Adult8,I-VT filter,TopRight.jpg,10232,19,Fixation,120,1434,266,642.78,642.78,0,0
Adult8,I-VT filter,TopRight.jpg,10235,19,Fixation,120,1434,265,642.8,642.8,0,0
Adult8,I-VT filter,TopRight.jpg,10238,19,Fixation,120,1431,259,642.56,642.56,0,0
Adult8,I-VT filter,TopRight.jpg,10242,19,Fixation,120,1427,269,641.78,641.78,0,0
Adult8,I-VT filter,TopRight.jpg,10245,19,Fixation,120,1429,266,641.54,641.54,0,0
Adult8,I-VT filter,TopRight.jpg,10248,19,Fixation,120,1430,264,641.74,641.74,0,0
Adult8,I-VT filter,TopRight.jpg,10252,19,Fixation,120,1435,252,641.85,641.85,0,0
Adult8,I-VT filter,TopRight.jpg,10255,19,Fixation,120,1430,266,641.58,641.58,0,0
Adult8,I-VT filter,TopRight.jpg,10258,19,Fixation,120,1432,269,641.39,641.39,0,0
Adult8,I-VT filter,TopRight.jpg,10262,19,Fixation,120,1430,268,641.36,641.36,0,0
Adult8,I-VT filter,TopRight.jpg,10265,19,Fixation,120,1434,259,641.59,641.59,0,0
Adult8,I-VT filter,TopRight.jpg,10268,19,Fixation,120,1430,263,642.09,642.09,0,0
Adult8,I-VT filter,TopRight.jpg,10272,19,Fixation,120,1431,269,642.46,642.46,0,0
Adult8,I-VT filter,TopRight.jpg,10275,19,Fixation,120,1434,267,643.08,643.08,0,0
Adult8,I-VT filter,TopRight.jpg,10278,19,Fixation,120,1432,265,642.86,642.86,0,0
Adult8,I-VT filter,TopRight.jpg,10282,19,Fixation,120,1433,261,642.85,642.85,0,0
Adult8,I-VT filter,TopRight.jpg,10285,19,Fixation,120,1438,262,643.05,643.05,0,0
Adult8,I-VT filter,TopRight.jpg,10288,19,Fixation,120,1436,263,643.29,643.29,0,0
Adult8,I-VT filter,TopRight.jpg,10292,19,Fixation,120,1436,259,643.31,643.31,0,0
Adult8,I-VT filter,TopRight.jpg,10295,19,Fixation,120,1433,258,643.91,643.91,0,0
Adult8,I-VT filter,TopRight.jpg,10298,19,Fixation,120,1426,263,644.07,644.07,0,0
Adult8,I-VT filter,TopRight.jpg,10302,19,Fixation,120,1437,260,643.82,643.82,0,0
Adult8,I-VT filter,TopRight.jpg,10305,19,Fixation,120,1434,265,643.87,643.87,0,0
Adult8,I-VT filter,TopRight.jpg,10308,19,Fixation,120,1434,260,644,644,0,0
Adult8,I-VT filter,TopRight.jpg,10312,19,Fixation,120,1428,259,643.25,643.25,0,0
Adult8,I-VT filter,TopRight.jpg,10315,19,Fixation,120,1435,270,643.89,643.89,0,0
Adult8,I-VT filter,TopRight.jpg,10318,19,Fixation,120,1436,258,644,644,0,0
Adult8,I-VT filter,TopRight.jpg,10322,19,Fixation,120,1435,257,644.18,644.18,0,0
Adult8,I-VT filter,TopRight.jpg,10325,19,Fixation,120,1434,259,644.36,644.36,0,0
Adult8,I-VT filter,TopRight.jpg,10328,19,Fixation,120,1430,262,644.35,644.35,0,0
Adult8,I-VT filter,TopRight.jpg,10332,19,Fixation,120,1434,262,644.6,644.6,0,0
Adult8,I-VT filter,TopRight.jpg,10335,19,Fixation,120,1432,256,646.14,646.14,0,0
Adult8,I-VT filter,TopRight.jpg,10338,19,Fixation,120,1431,264,646.74,646.74,0,0
Adult8,I-VT filter,TopRight.jpg,10342,19,Fixation,120,1436,273,648.11,648.11,0,0
Adult8,I-VT filter,TopRight.jpg,10345,,Saccade,3,1433,281,647.62,647.62,0,0
Adult8,I-VT filter,TopRight.jpg,10348,20,Fixation,317,1431,284,647.36,647.36,0,0
Adult8,I-VT filter,TopRight.jpg,10352,20,Fixation,317,1435,281,647.95,647.95,0,0
Adult8,I-VT filter,TopRight.jpg,10355,20,Fixation,317,1442,282,647.9,647.9,0,0
Adult8,I-VT filter,TopRight.jpg,10358,20,Fixation,317,1442,282,647.43,647.43,0,0
Adult8,I-VT filter,TopRight.jpg,10362,20,Fixation,317,1431,284,647.72,647.72,0,0
Adult8,I-VT filter,TopRight.jpg,10365,20,Fixation,317,1441,285,647.97,647.97,0,0
Adult8,I-VT filter,TopRight.jpg,10368,20,Fixation,317,1434,280,647.9,647.9,0,0
Adult8,I-VT filter,TopRight.jpg,10372,20,Fixation,317,1434,279,647.79,647.79,0,0
Adult8,I-VT filter,TopRight.jpg,10375,20,Fixation,317,1426,280,647.54,647.54,0,0
Adult8,I-VT filter,TopRight.jpg,10378,20,Fixation,317,1433,280,647.85,647.85,0,0
Adult8,I-VT filter,TopRight.jpg,10382,20,Fixation,317,1434,281,647.98,647.98,0,0
Adult8,I-VT filter,TopRight.jpg,10385,20,Fixation,317,1433,277,647.19,647.19,0,0
Adult8,I-VT filter,TopRight.jpg,10388,20,Fixation,317,1435,274,647.75,647.75,0,0
Adult8,I-VT filter,TopRight.jpg,10392,20,Fixation,317,1428,284,646.95,646.95,0,0
Adult8,I-VT filter,TopRight.jpg,10395,20,Fixation,317,1436,275,647.71,647.71,0,0
Adult8,I-VT filter,TopRight.jpg,10398,20,Fixation,317,1435,279,647.67,647.67,0,0
Adult8,I-VT filter,TopRight.jpg,10402,20,Fixation,317,1433,279,646.62,646.62,0,0
Adult8,I-VT filter,TopRight.jpg,10405,20,Fixation,317,1436,288,646.88,646.88,0,0
Adult8,I-VT filter,TopRight.jpg,10408,20,Fixation,317,1426,281,646.63,646.63,0,0
Adult8,I-VT filter,TopRight.jpg,10412,20,Fixation,317,1437,282,647.08,647.08,0,0
Adult8,I-VT filter,TopRight.jpg,10415,20,Fixation,317,1432,281,646.89,646.89,0,0
Adult8,I-VT filter,TopRight.jpg,10418,20,Fixation,317,1429,282,646.39,646.39,0,0
Adult8,I-VT filter,TopRight.jpg,10422,20,Fixation,317,1437,275,646.12,646.12,0,0
Adult8,I-VT filter,TopRight.jpg,10425,20,Fixation,317,1431,287,645.6,645.6,0,0
Adult8,I-VT filter,TopRight.jpg,10428,20,Fixation,317,1430,284,645.47,645.47,0,0
Adult8,I-VT filter,TopRight.jpg,10432,20,Fixation,317,1434,287,644.78,644.78,0,0
Adult8,I-VT filter,TopRight.jpg,10435,20,Fixation,317,1436,276,644.67,644.67,0,0
Adult8,I-VT filter,TopRight.jpg,10438,20,Fixation,317,1434,292,644.61,644.61,0,0
Adult8,I-VT filter,TopRight.jpg,10442,20,Fixation,317,1431,289,644.44,644.44,0,0
Adult8,I-VT filter,TopRight.jpg,10445,20,Fixation,317,1431,287,644.56,644.56,0,0
Adult8,I-VT filter,TopRight.jpg,10448,20,Fixation,317,1434,289,644.58,644.58,0,0
Adult8,I-VT filter,TopRight.jpg,10452,20,Fixation,317,1435,283,644.84,644.84,0,0
Adult8,I-VT filter,TopRight.jpg,10455,20,Fixation,317,1427,293,644.87,644.87,0,0
Adult8,I-VT filter,TopRight.jpg,10458,20,Fixation,317,1432,281,644.32,644.32,0,0
Adult8,I-VT filter,TopRight.jpg,10462,20,Fixation,317,1428,281,644.38,644.38,0,0
Adult8,I-VT filter,TopRight.jpg,10465,20,Fixation,317,1423,281,644.57,644.57,0,0
Adult8,I-VT filter,TopRight.jpg,10468,20,Fixation,317,1434,276,644.45,644.45,0,0
Adult8,I-VT filter,TopRight.jpg,10472,20,Fixation,317,1430,285,644.44,644.44,0,0
Adult8,I-VT filter,TopRight.jpg,10475,20,Fixation,317,1429,296,644.02,644.02,0,0
Adult8,I-VT filter,TopRight.jpg,10478,20,Fixation,317,1428,286,644.05,644.05,0,0
Adult8,I-VT filter,TopRight.jpg,10482,20,Fixation,317,1424,281,644.51,644.51,0,0
Adult8,I-VT filter,TopRight.jpg,10485,20,Fixation,317,1432,286,644.03,644.03,0,0
Adult8,I-VT filter,TopRight.jpg,10488,20,Fixation,317,1426,289,644.22,644.22,0,0
Adult8,I-VT filter,TopRight.jpg,10492,20,Fixation,317,1428,286,643.78,643.78,0,0
Adult8,I-VT filter,TopRight.jpg,10495,20,Fixation,317,1429,283,643.96,643.96,0,0
Adult8,I-VT filter,TopRight.jpg,10498,20,Fixation,317,1425,288,643.93,643.93,0,0
Adult8,I-VT filter,TopRight.jpg,10502,20,Fixation,317,1424,283,644.48,644.48,0,0
Adult8,I-VT filter,TopRight.jpg,10505,20,Fixation,317,1428,277,644.25,644.25,0,0
Adult8,I-VT filter,TopRight.jpg,10508,20,Fixation,317,1430,285,644.24,644.24,0,0
Adult8,I-VT filter,TopRight.jpg,10512,20,Fixation,317,1427,284,643.73,643.73,0,0
Adult8,I-VT filter,TopRight.jpg,10515,20,Fixation,317,1421,283,644.27,644.27,0,0
Adult8,I-VT filter,TopRight.jpg,10518,20,Fixation,317,1432,289,644.17,644.17,0,0
Adult8,I-VT filter,TopRight.jpg,10522,20,Fixation,317,1432,291,644.19,644.19,0,0
Adult8,I-VT filter,TopRight.jpg,10525,20,Fixation,317,1430,284,643.85,643.85,0,0
Adult8,I-VT filter,TopRight.jpg,10528,20,Fixation,317,1433,293,643.8,643.8,0,0
Adult8,I-VT filter,TopRight.jpg,10532,20,Fixation,317,1429,286,643.76,643.76,0,0
Adult8,I-VT filter,TopRight.jpg,10535,20,Fixation,317,1429,287,643.98,643.98,0,0
Adult8,I-VT filter,TopRight.jpg,10538,20,Fixation,317,1428,290,643.52,643.52,0,0
Adult8,I-VT filter,TopRight.jpg,10542,20,Fixation,317,1431,287,643.37,643.37,0,0
Adult8,I-VT filter,TopRight.jpg,10545,20,Fixation,317,1431,293,643.32,643.32,0,0
Adult8,I-VT filter,TopRight.jpg,10548,20,Fixation,317,1427,289,643.46,643.46,0,0
Adult8,I-VT filter,TopRight.jpg,10552,20,Fixation,317,1426,288,642.96,642.96,0,0
Adult8,I-VT filter,TopRight.jpg,10555,20,Fixation,317,1426,286,643.1,643.1,0,0
Adult8,I-VT filter,TopRight.jpg,10558,20,Fixation,317,1428,293,643.01,643.01,0,0
Adult8,I-VT filter,TopRight.jpg,10562,20,Fixation,317,1426,287,643.57,643.57,0,0
Adult8,I-VT filter,TopRight.jpg,10565,20,Fixation,317,1431,295,643.6,643.6,0,0
Adult8,I-VT filter,TopRight.jpg,10568,20,Fixation,317,1430,287,643.41,643.41,0,0
Adult8,I-VT filter,TopRight.jpg,10572,20,Fixation,317,1429,293,643.46,643.46,0,0
Adult8,I-VT filter,TopRight.jpg,10575,20,Fixation,317,1425,286,643.93,643.93,0,0
Adult8,I-VT filter,TopRight.jpg,10578,20,Fixation,317,1432,290,643.79,643.79,0,0
Adult8,I-VT filter,TopRight.jpg,10582,20,Fixation,317,1426,292,644.1,644.1,0,0
Adult8,I-VT filter,TopRight.jpg,10585,20,Fixation,317,1421,292,643.44,643.44,0,0
Adult8,I-VT filter,TopRight.jpg,10588,20,Fixation,317,1426,288,644.1,644.1,0,0
Adult8,I-VT filter,TopRight.jpg,10592,20,Fixation,317,1420,289,643.42,643.42,0,0
Adult8,I-VT filter,TopRight.jpg,10595,20,Fixation,317,1424,292,643.85,643.85,0,0
Adult8,I-VT filter,TopRight.jpg,10598,20,Fixation,317,1423,283,643.81,643.81,0,0
Adult8,I-VT filter,TopRight.jpg,10602,20,Fixation,317,1434,288,643.42,643.42,0,0
Adult8,I-VT filter,TopRight.jpg,10605,20,Fixation,317,1427,289,643.42,643.42,0,0
Adult8,I-VT filter,TopRight.jpg,10608,20,Fixation,317,1431,293,643.74,643.74,0,0
Adult8,I-VT filter,TopRight.jpg,10612,20,Fixation,317,1428,296,643.41,643.41,0,0
Adult8,I-VT filter,TopRight.jpg,10615,20,Fixation,317,1427,289,643.52,643.52,0,0
Adult8,I-VT filter,TopRight.jpg,10618,20,Fixation,317,1432,279,643.54,643.54,0,0
Adult8,I-VT filter,TopRight.jpg,10622,20,Fixation,317,1427,289,644.12,644.12,0,0
Adult8,I-VT filter,TopRight.jpg,10625,20,Fixation,317,1422,287,643.68,643.68,0,0
Adult8,I-VT filter,TopRight.jpg,10628,20,Fixation,317,1426,296,643.76,643.76,0,0
Adult8,I-VT filter,TopRight.jpg,10632,20,Fixation,317,1421,296,643.7,643.7,0,0
Adult8,I-VT filter,TopRight.jpg,10635,20,Fixation,317,1435,294,643.59,643.59,0,0
Adult8,I-VT filter,TopRight.jpg,10638,20,Fixation,317,1433,291,643.86,643.86,0,0
Adult8,I-VT filter,TopRight.jpg,10642,20,Fixation,317,1428,293,643.31,643.31,0,0
Adult8,I-VT filter,TopRight.jpg,10645,20,Fixation,317,1424,296,643.62,643.62,0,0
Adult8,I-VT filter,TopRight.jpg,10648,20,Fixation,317,1422,290,643.47,643.47,0,0
Adult8,I-VT filter,TopRight.jpg,10652,20,Fixation,317,1428,296,643.23,643.23,0,0
Adult8,I-VT filter,TopRight.jpg,10655,20,Fixation,317,1426,301,643.6,643.6,0,0
Adult8,I-VT filter,TopRight.jpg,10658,20,Fixation,317,1427,287,643.46,643.46,0,0
Adult8,I-VT filter,TopRight.jpg,10662,20,Fixation,317,1422,295,643.5,643.5,0,0
Adult8,I-VT filter,TopRight.jpg,10665,,Saccade,3,1424,294,643.67,643.67,0,0
Adult8,I-VT filter,TopRight.jpg,10668,21,Fixation,1406,1426,297,643.53,643.53,0,0
Adult8,I-VT filter,TopRight.jpg,10672,21,Fixation,1406,1426,290,643.72,643.72,0,0
Adult8,I-VT filter,TopRight.jpg,10675,21,Fixation,1406,1420,278,643.52,643.52,0,0
Adult8,I-VT filter,TopRight.jpg,10678,21,Fixation,1406,1428,293,643.6,643.6,0,0
Adult8,I-VT filter,TopRight.jpg,10682,21,Fixation,1406,1432,295,643.61,643.61,0,0
Adult8,I-VT filter,TopRight.jpg,10685,21,Fixation,1406,1430,292,643.57,643.57,0,0
Adult8,I-VT filter,TopRight.jpg,10688,21,Fixation,1406,1431,287,643.35,643.35,0,0
Adult8,I-VT filter,TopRight.jpg,10692,21,Fixation,1406,1431,291,643.43,643.43,0,0
Adult8,I-VT filter,TopRight.jpg,10695,21,Fixation,1406,1432,292,643.64,643.64,0,0
Adult8,I-VT filter,TopRight.jpg,10698,21,Fixation,1406,1429,293,643.4,643.4,0,0
Adult8,I-VT filter,TopRight.jpg,10702,21,Fixation,1406,1430,290,643.36,643.36,0,0
Adult8,I-VT filter,TopRight.jpg,10705,21,Fixation,1406,1421,296,642.92,642.92,0,0
Adult8,I-VT filter,TopRight.jpg,10708,21,Fixation,1406,1425,288,643.3,643.3,0,0
Adult8,I-VT filter,TopRight.jpg,10712,21,Fixation,1406,1434,295,642.94,642.94,0,0
Adult8,I-VT filter,TopRight.jpg,10715,21,Fixation,1406,1433,293,643.16,643.16,0,0
Adult8,I-VT filter,TopRight.jpg,10718,21,Fixation,1406,1436,291,642.75,642.75,0,0
Adult8,I-VT filter,TopRight.jpg,10722,21,Fixation,1406,1430,294,642.71,642.71,0,0
Adult8,I-VT filter,TopRight.jpg,10725,21,Fixation,1406,1435,290,642.57,642.57,0,0
Adult8,I-VT filter,TopRight.jpg,10728,21,Fixation,1406,1430,295,642.2,642.2,0,0
Adult8,I-VT filter,TopRight.jpg,10732,21,Fixation,1406,1436,287,642.87,642.87,0,0
Adult8,I-VT filter,TopRight.jpg,10735,21,Fixation,1406,1430,289,642.34,642.34,0,0
Adult8,I-VT filter,TopRight.jpg,10738,21,Fixation,1406,1430,292,642.71,642.71,0,0
Adult8,I-VT filter,TopRight.jpg,10742,21,Fixation,1406,1431,288,642.36,642.36,0,0
Adult8,I-VT filter,TopRight.jpg,10745,21,Fixation,1406,1427,295,642.58,642.58,0,0
Adult8,I-VT filter,TopRight.jpg,10748,21,Fixation,1406,1424,289,642.34,642.34,0,0
Adult8,I-VT filter,TopRight.jpg,10751,21,Fixation,1406,1423,278,642.42,642.42,0,0
Adult8,I-VT filter,TopRight.jpg,10755,21,Fixation,1406,1429,290,642.58,642.58,0,0
Adult8,I-VT filter,TopRight.jpg,10758,21,Fixation,1406,1428,288,642.44,642.44,0,0
Adult8,I-VT filter,TopRight.jpg,10762,21,Fixation,1406,1428,293,642.2,642.2,0,0
Adult8,I-VT filter,TopRight.jpg,10765,21,Fixation,1406,1428,294,642.21,642.21,0,0
Adult8,I-VT filter,TopRight.jpg,10768,21,Fixation,1406,1428,290,641.87,641.87,0,0
Adult8,I-VT filter,TopRight.jpg,10772,21,Fixation,1406,1427,295,642.27,642.27,0,0
Adult8,I-VT filter,TopRight.jpg,10775,21,Fixation,1406,1430,300,642.51,642.51,0,0
Adult8,I-VT filter,TopRight.jpg,10778,21,Fixation,1406,1429,290,642.16,642.16,0,0
Adult8,I-VT filter,TopRight.jpg,10782,21,Fixation,1406,1434,293,641.66,641.66,0,0
Adult8,I-VT filter,TopRight.jpg,10785,21,Fixation,1406,1429,292,641.78,641.78,0,0
Adult8,I-VT filter,TopRight.jpg,10788,21,Fixation,1406,1429,292,642.51,642.51,0,0
Adult8,I-VT filter,TopRight.jpg,10792,21,Fixation,1406,1426,285,642.09,642.09,0,0
Adult8,I-VT filter,TopRight.jpg,10795,21,Fixation,1406,1434,294,642.1,642.1,0,0
Adult8,I-VT filter,TopRight.jpg,10798,21,Fixation,1406,1424,296,641.94,641.94,0,0
Adult8,I-VT filter,TopRight.jpg,10802,21,Fixation,1406,1427,296,641.65,641.65,0,0
Adult8,I-VT filter,TopRight.jpg,10805,21,Fixation,1406,1433,291,641.52,641.52,0,0
Adult8,I-VT filter,TopRight.jpg,10808,21,Fixation,1406,1430,297,641.38,641.38,0,0
Adult8,I-VT filter,TopRight.jpg,10811,21,Fixation,1406,1430,292,641.54,641.54,0,0
Adult8,I-VT filter,TopRight.jpg,10815,21,Fixation,1406,1428,296,641.6,641.6,0,0
Adult8,I-VT filter,TopRight.jpg,10818,21,Fixation,1406,1431,291,641.66,641.66,0,0
Adult8,I-VT filter,TopRight.jpg,10822,21,Fixation,1406,1432,290,641.61,641.61,0,0
Adult8,I-VT filter,TopRight.jpg,10825,21,Fixation,1406,1434,296,641.71,641.71,0,0
Adult8,I-VT filter,TopRight.jpg,10828,21,Fixation,1406,1429,294,642,642,0,0
Adult8,I-VT filter,TopRight.jpg,10832,21,Fixation,1406,1435,286,642.24,642.24,0,0
Adult8,I-VT filter,TopRight.jpg,10835,21,Fixation,1406,1432,298,642.24,642.24,0,0
Adult8,I-VT filter,TopRight.jpg,10838,21,Fixation,1406,1423,289,642.26,642.26,0,0
Adult8,I-VT filter,TopRight.jpg,10842,21,Fixation,1406,1428,288,643.53,643.53,0,0
Adult8,I-VT filter,TopRight.jpg,10845,21,Fixation,1406,1422,285,643.68,643.68,0,0
Adult8,I-VT filter,TopRight.jpg,10848,21,Fixation,1406,1439,284,643.91,643.91,0,0
Adult8,I-VT filter,TopRight.jpg,10851,21,Fixation,1406,1432,281,643.76,643.76,0,0
Adult8,I-VT filter,TopRight.jpg,10855,21,Fixation,1406,1425,283,644.14,644.14,0,0
Adult8,I-VT filter,TopRight.jpg,10858,21,Fixation,1406,1427,284,644.68,644.68,0,0
Adult8,I-VT filter,TopRight.jpg,10862,21,Fixation,1406,1432,288,644.3,644.3,0,0
Adult8,I-VT filter,TopRight.jpg,10865,21,Fixation,1406,1423,284,644.03,644.03,0,0
Adult8,I-VT filter,TopRight.jpg,10868,21,Fixation,1406,1419,289,644.48,644.48,0,0
Adult8,I-VT filter,TopRight.jpg,10872,21,Fixation,1406,1433,283,643.91,643.91,0,0
Adult8,I-VT filter,TopRight.jpg,10875,21,Fixation,1406,1426,284,643.34,643.34,0,0
Adult8,I-VT filter,TopRight.jpg,10878,21,Fixation,1406,1431,292,643.48,643.48,0,0
Adult8,I-VT filter,TopRight.jpg,10882,21,Fixation,1406,1429,296,642.71,642.71,0,0
Adult8,I-VT filter,TopRight.jpg,10885,21,Fixation,1406,1429,291,642.33,642.33,0,0
Adult8,I-VT filter,TopRight.jpg,10888,21,Fixation,1406,1428,281,642.23,642.23,0,0
Adult8,I-VT filter,TopRight.jpg,10892,21,Fixation,1406,1420,296,641.82,641.82,0,0
Adult8,I-VT filter,TopRight.jpg,10895,21,Fixation,1406,1428,287,641.75,641.75,0,0
Adult8,I-VT filter,TopRight.jpg,10898,21,Fixation,1406,1428,290,641.48,641.48,0,0
Adult8,I-VT filter,TopRight.jpg,10902,21,Fixation,1406,1427,292,641.78,641.78,0,0
Adult8,I-VT filter,TopRight.jpg,10905,21,Fixation,1406,1430,287,642.11,642.11,0,0
Adult8,I-VT filter,TopRight.jpg,10908,21,Fixation,1406,1423,289,642.02,642.02,0,0
Adult8,I-VT filter,TopRight.jpg,10912,21,Fixation,1406,1427,290,641.74,641.74,0,0
Adult8,I-VT filter,TopRight.jpg,10915,21,Fixation,1406,1419,292,641.92,641.92,0,0
Adult8,I-VT filter,TopRight.jpg,10918,21,Fixation,1406,1429,293,641.21,641.21,0,0
Adult8,I-VT filter,TopRight.jpg,10921,21,Fixation,1406,1427,299,641.08,641.08,0,0
Adult8,I-VT filter,TopRight.jpg,10925,21,Fixation,1406,1425,294,641.17,641.17,0,0
Adult8,I-VT filter,TopRight.jpg,10928,21,Fixation,1406,1430,295,641.23,641.23,0,0
Adult8,I-VT filter,TopRight.jpg,10932,21,Fixation,1406,1419,290,641.09,641.09,0,0
Adult8,I-VT filter,TopRight.jpg,10935,21,Fixation,1406,1427,292,641.04,641.04,0,0
Adult8,I-VT filter,TopRight.jpg,10938,21,Fixation,1406,1428,293,640.68,640.68,0,0
Adult8,I-VT filter,TopRight.jpg,10942,21,Fixation,1406,1421,290,640.71,640.71,0,0
Adult8,I-VT filter,TopRight.jpg,10945,21,Fixation,1406,1428,290,640.84,640.84,0,0
Adult8,I-VT filter,TopRight.jpg,10948,21,Fixation,1406,1428,296,640.87,640.87,0,0
Adult8,I-VT filter,TopRight.jpg,10951,21,Fixation,1406,1422,289,640.99,640.99,0,0
Adult8,I-VT filter,TopRight.jpg,10955,21,Fixation,1406,1427,287,640.82,640.82,0,0
Adult8,I-VT filter,TopRight.jpg,10958,21,Fixation,1406,1427,289,641.24,641.24,0,0
Adult8,I-VT filter,TopRight.jpg,10962,21,Fixation,1406,1426,286,641.11,641.11,0,0
Adult8,I-VT filter,TopRight.jpg,10965,21,Fixation,1406,1424,290,640.93,640.93,0,0
Adult8,I-VT filter,TopRight.jpg,10968,21,Fixation,1406,1423,288,640.75,640.75,0,0
Adult8,I-VT filter,TopRight.jpg,10972,21,Fixation,1406,1425,289,640.71,640.71,0,0
Adult8,I-VT filter,TopRight.jpg,10975,21,Fixation,1406,1423,293,640.95,640.95,0,0
Adult8,I-VT filter,TopRight.jpg,10978,21,Fixation,1406,1425,291,641.57,641.57,0,0
Adult8,I-VT filter,TopRight.jpg,10981,21,Fixation,1406,1431,286,641.75,641.75,0,0
Adult8,I-VT filter,TopRight.jpg,10985,21,Fixation,1406,1424,290,641.47,641.47,0,0
Adult8,I-VT filter,TopRight.jpg,10988,21,Fixation,1406,1423,288,641.86,641.86,0,0
Adult8,I-VT filter,TopRight.jpg,10991,21,Fixation,1406,1427,294,641.34,641.34,0,0
Adult8,I-VT filter,TopRight.jpg,10995,21,Fixation,1406,1420,287,641.72,641.72,0,0
Adult8,I-VT filter,TopRight.jpg,10998,21,Fixation,1406,1423,292,642.02,642.02,0,0
Adult8,I-VT filter,TopRight.jpg,11002,21,Fixation,1406,1424,294,642.11,642.11,0,0
Adult8,I-VT filter,TopRight.jpg,11005,21,Fixation,1406,1429,287,642,642,0,0
Adult8,I-VT filter,TopRight.jpg,11008,21,Fixation,1406,1416,286,642.54,642.54,0,0
Adult8,I-VT filter,TopRight.jpg,11011,21,Fixation,1406,1429,297,642.28,642.28,0,0
Adult8,I-VT filter,TopRight.jpg,11015,21,Fixation,1406,1434,286,642.82,642.82,0,0
Adult8,I-VT filter,TopRight.jpg,11018,21,Fixation,1406,1427,295,642.8,642.8,0,0
Adult8,I-VT filter,TopRight.jpg,11021,21,Fixation,1406,1425,284,643.15,643.15,0,0
Adult8,I-VT filter,TopRight.jpg,11025,21,Fixation,1406,1425,293,642.72,642.72,0,0
Adult8,I-VT filter,TopRight.jpg,11028,21,Fixation,1406,1415,294,642.57,642.57,0,0
Adult8,I-VT filter,TopRight.jpg,11032,21,Fixation,1406,1428,289,642.86,642.86,0,0
Adult8,I-VT filter,TopRight.jpg,11035,21,Fixation,1406,1424,283,643.55,643.55,0,0
Adult8,I-VT filter,TopRight.jpg,11038,21,Fixation,1406,1428,287,643.14,643.14,0,0
Adult8,I-VT filter,TopRight.jpg,11042,21,Fixation,1406,1428,293,643.12,643.12,0,0
Adult8,I-VT filter,TopRight.jpg,11045,21,Fixation,1406,1422,297,643.19,643.19,0,0
Adult8,I-VT filter,TopRight.jpg,11048,21,Fixation,1406,1433,287,643.54,643.54,0,0
Adult8,I-VT filter,TopRight.jpg,11051,21,Fixation,1406,1430,284,643.35,643.35,0,0
Adult8,I-VT filter,TopRight.jpg,11055,21,Fixation,1406,1428,286,643.71,643.71,0,0
Adult8,I-VT filter,TopRight.jpg,11058,21,Fixation,1406,1430,289,643.62,643.62,0,0
Adult8,I-VT filter,TopRight.jpg,11061,21,Fixation,1406,1428,286,643.2,643.2,0,0
Adult8,I-VT filter,TopRight.jpg,11065,21,Fixation,1406,1423,284,643.47,643.47,0,0
Adult8,I-VT filter,TopRight.jpg,11068,21,Fixation,1406,1428,286,643.18,643.18,0,0
Adult8,I-VT filter,TopRight.jpg,11072,21,Fixation,1406,1430,290,643.14,643.14,0,0
Adult8,I-VT filter,TopRight.jpg,11075,21,Fixation,1406,1426,286,642.85,642.85,0,0
Adult8,I-VT filter,TopRight.jpg,11078,21,Fixation,1406,1419,287,643.1,643.1,0,0
Adult8,I-VT filter,TopRight.jpg,11081,21,Fixation,1406,1424,282,643.3,643.3,0,0
Adult8,I-VT filter,TopRight.jpg,11085,21,Fixation,1406,1428,281,642.96,642.96,0,0
Adult8,I-VT filter,TopRight.jpg,11088,21,Fixation,1406,1432,294,643.15,643.15,0,0
Adult8,I-VT filter,TopRight.jpg,11091,21,Fixation,1406,1423,283,642.88,642.88,0,0
Adult8,I-VT filter,TopRight.jpg,11095,21,Fixation,1406,1430,282,643.01,643.01,0,0
Adult8,I-VT filter,TopRight.jpg,11098,21,Fixation,1406,1425,292,642.84,642.84,0,0
Adult8,I-VT filter,TopRight.jpg,11102,21,Fixation,1406,1423,288,642.76,642.76,0,0
Adult8,I-VT filter,TopRight.jpg,11105,21,Fixation,1406,1423,287,642.8,642.8,0,0
Adult8,I-VT filter,TopRight.jpg,11108,21,Fixation,1406,1427,284,642.87,642.87,0,0
Adult8,I-VT filter,TopRight.jpg,11111,21,Fixation,1406,1428,282,642.35,642.35,0,0
Adult8,I-VT filter,TopRight.jpg,11115,21,Fixation,1406,1423,285,642.64,642.64,0,0
Adult8,I-VT filter,TopRight.jpg,11118,21,Fixation,1406,1428,278,642.36,642.36,0,0
Adult8,I-VT filter,TopRight.jpg,11121,21,Fixation,1406,1423,287,642.11,642.11,0,0
Adult8,I-VT filter,TopRight.jpg,11125,21,Fixation,1406,1424,288,641.73,641.73,0,0
Adult8,I-VT filter,TopRight.jpg,11128,21,Fixation,1406,1428,291,641.99,641.99,0,0
Adult8,I-VT filter,TopRight.jpg,11131,21,Fixation,1406,1426,292,641.74,641.74,0,0
Adult8,I-VT filter,TopRight.jpg,11135,21,Fixation,1406,1425,288,641.66,641.66,0,0
Adult8,I-VT filter,TopRight.jpg,11138,21,Fixation,1406,1430,289,641.32,641.32,0,0
Adult8,I-VT filter,TopRight.jpg,11141,21,Fixation,1406,1418,284,641.61,641.61,0,0
Adult8,I-VT filter,TopRight.jpg,11145,21,Fixation,1406,1420,290,641.08,641.08,0,0
Adult8,I-VT filter,TopRight.jpg,11148,21,Fixation,1406,1425,291,641.42,641.42,0,0
Adult8,I-VT filter,TopRight.jpg,11151,21,Fixation,1406,1421,291,641.47,641.47,0,0
Adult8,I-VT filter,TopRight.jpg,11155,21,Fixation,1406,1422,295,640.64,640.64,0,0
Adult8,I-VT filter,TopRight.jpg,11158,21,Fixation,1406,1430,289,641.33,641.33,0,0
Adult8,I-VT filter,TopRight.jpg,11161,21,Fixation,1406,1426,281,640.88,640.88,0,0
Adult8,I-VT filter,TopRight.jpg,11165,21,Fixation,1406,1418,291,640.79,640.79,0,0
Adult8,I-VT filter,TopRight.jpg,11168,21,Fixation,1406,1422,290,641.37,641.37,0,0
Adult8,I-VT filter,TopRight.jpg,11172,21,Fixation,1406,1422,288,640.87,640.87,0,0
Adult8,I-VT filter,TopRight.jpg,11175,21,Fixation,1406,1419,289,641.48,641.48,0,0
Adult8,I-VT filter,TopRight.jpg,11178,21,Fixation,1406,1426,290,641.22,641.22,0,0
Adult8,I-VT filter,TopRight.jpg,11181,21,Fixation,1406,1421,292,641.09,641.09,0,0
Adult8,I-VT filter,TopRight.jpg,11185,21,Fixation,1406,1428,290,641.14,641.14,0,0
Adult8,I-VT filter,TopRight.jpg,11188,21,Fixation,1406,1425,294,640.96,640.96,0,0
Adult8,I-VT filter,TopRight.jpg,11191,21,Fixation,1406,1426,288,641.1,641.1,0,0
Adult8,I-VT filter,TopRight.jpg,11195,21,Fixation,1406,1425,285,641.14,641.14,0,0
Adult8,I-VT filter,TopRight.jpg,11198,21,Fixation,1406,1427,288,641.06,641.06,0,0
Adult8,I-VT filter,TopRight.jpg,11201,21,Fixation,1406,1427,284,641.45,641.45,0,0
Adult8,I-VT filter,TopRight.jpg,11205,21,Fixation,1406,1426,290,641.22,641.22,0,0
Adult8,I-VT filter,TopRight.jpg,11208,21,Fixation,1406,1417,284,641.55,641.55,0,0
Adult8,I-VT filter,TopRight.jpg,11211,21,Fixation,1406,1424,289,641.66,641.66,0,0
Adult8,I-VT filter,TopRight.jpg,11215,21,Fixation,1406,1429,282,641.25,641.25,0,0
Adult8,I-VT filter,TopRight.jpg,11218,21,Fixation,1406,1422,282,641.35,641.35,0,0
Adult8,I-VT filter,TopRight.jpg,11221,21,Fixation,1406,1434,282,641.34,641.34,0,0
Adult8,I-VT filter,TopRight.jpg,11225,21,Fixation,1406,1424,290,641.55,641.55,0,0
Adult8,I-VT filter,TopRight.jpg,11228,21,Fixation,1406,1425,289,641.95,641.95,0,0
Adult8,I-VT filter,TopRight.jpg,11231,21,Fixation,1406,1430,284,641.75,641.75,0,0
Adult8,I-VT filter,TopRight.jpg,11235,21,Fixation,1406,1436,286,641.68,641.68,0,0
Adult8,I-VT filter,TopRight.jpg,11238,21,Fixation,1406,1433,283,642.18,642.18,0,0
Adult8,I-VT filter,TopRight.jpg,11241,21,Fixation,1406,1428,291,642.36,642.36,0,0
Adult8,I-VT filter,TopRight.jpg,11245,21,Fixation,1406,1428,285,641.87,641.87,0,0
Adult8,I-VT filter,TopRight.jpg,11248,21,Fixation,1406,1429,289,642.65,642.65,0,0
Adult8,I-VT filter,TopRight.jpg,11251,21,Fixation,1406,1427,292,642.7,642.7,0,0
Adult8,I-VT filter,TopRight.jpg,11255,21,Fixation,1406,1433,287,643.39,643.39,0,0
Adult8,I-VT filter,TopRight.jpg,11258,21,Fixation,1406,1425,290,642.65,642.65,0,0
Adult8,I-VT filter,TopRight.jpg,11261,21,Fixation,1406,1429,287,643.07,643.07,0,0
Adult8,I-VT filter,TopRight.jpg,11265,21,Fixation,1406,1435,288,642.73,642.73,0,0
Adult8,I-VT filter,TopRight.jpg,11268,21,Fixation,1406,1434,287,642.44,642.44,0,0
Adult8,I-VT filter,TopRight.jpg,11271,21,Fixation,1406,1430,290,642.67,642.67,0,0
Adult8,I-VT filter,TopRight.jpg,11275,21,Fixation,1406,1430,295,643.43,643.43,0,0
Adult8,I-VT filter,TopRight.jpg,11278,21,Fixation,1406,1433,287,643.26,643.26,0,0
Adult8,I-VT filter,TopRight.jpg,11281,21,Fixation,1406,1434,288,643.22,643.22,0,0
Adult8,I-VT filter,TopRight.jpg,11285,21,Fixation,1406,1439,284,643.24,643.24,0,0
Adult8,I-VT filter,TopRight.jpg,11288,21,Fixation,1406,1434,294,643.58,643.58,0,0
Adult8,I-VT filter,TopRight.jpg,11291,21,Fixation,1406,1433,301,643.61,643.61,0,0
Adult8,I-VT filter,TopRight.jpg,11295,21,Fixation,1406,1434,285,644.04,644.04,0,0
Adult8,I-VT filter,TopRight.jpg,11298,21,Fixation,1406,1434,289,643.91,643.91,0,0
Adult8,I-VT filter,TopRight.jpg,11301,21,Fixation,1406,1421,295,643.92,643.92,0,0
Adult8,I-VT filter,TopRight.jpg,11305,21,Fixation,1406,1430,283,643.98,643.98,0,0
Adult8,I-VT filter,TopRight.jpg,11308,21,Fixation,1406,1431,283,644.73,644.73,0,0
Adult8,I-VT filter,TopRight.jpg,11311,21,Fixation,1406,1431,294,644.04,644.04,0,0
Adult8,I-VT filter,TopRight.jpg,11315,21,Fixation,1406,1429,293,643.82,643.82,0,0
Adult8,I-VT filter,TopRight.jpg,11318,21,Fixation,1406,1432,295,643.78,643.78,0,0
Adult8,I-VT filter,TopRight.jpg,11321,21,Fixation,1406,1433,295,643.33,643.33,0,0
Adult8,I-VT filter,TopRight.jpg,11325,21,Fixation,1406,1429,291,642.99,642.99,0,0
Adult8,I-VT filter,TopRight.jpg,11328,21,Fixation,1406,1433,290,642.72,642.72,0,0
Adult8,I-VT filter,TopRight.jpg,11331,21,Fixation,1406,1434,292,641.95,641.95,0,0
Adult8,I-VT filter,TopRight.jpg,11335,21,Fixation,1406,1430,289,642.24,642.24,0,0
Adult8,I-VT filter,TopRight.jpg,11338,21,Fixation,1406,1435,294,642.52,642.52,0,0
Adult8,I-VT filter,TopRight.jpg,11341,21,Fixation,1406,1427,291,642.03,642.03,0,0
Adult8,I-VT filter,TopRight.jpg,11345,21,Fixation,1406,1437,296,641.88,641.88,0,0
Adult8,I-VT filter,TopRight.jpg,11348,21,Fixation,1406,1431,288,642.17,642.17,0,0
Adult8,I-VT filter,TopRight.jpg,11351,21,Fixation,1406,1428,298,642.62,642.62,0,0
Adult8,I-VT filter,TopRight.jpg,11355,21,Fixation,1406,1435,287,643.92,643.92,0,0
Adult8,I-VT filter,TopRight.jpg,11358,21,Fixation,1406,1429,284,643.28,643.28,0,0
Adult8,I-VT filter,TopRight.jpg,11361,21,Fixation,1406,1431,290,643.32,643.32,0,0
Adult8,I-VT filter,TopRight.jpg,11365,21,Fixation,1406,1430,297,643.18,643.18,0,0
Adult8,I-VT filter,TopRight.jpg,11368,21,Fixation,1406,1431,298,643.52,643.52,0,0
Adult8,I-VT filter,TopRight.jpg,11371,21,Fixation,1406,1441,285,643.61,643.61,0,0
Adult8,I-VT filter,TopRight.jpg,11375,21,Fixation,1406,1433,296,643.95,643.95,0,0
Adult8,I-VT filter,TopRight.jpg,11378,21,Fixation,1406,1425,291,644.02,644.02,0,0
Adult8,I-VT filter,TopRight.jpg,11381,21,Fixation,1406,1430,293,644.17,644.17,0,0
Adult8,I-VT filter,TopRight.jpg,11385,21,Fixation,1406,1427,292,644.19,644.19,0,0
Adult8,I-VT filter,TopRight.jpg,11388,21,Fixation,1406,1431,290,644.25,644.25,0,0
Adult8,I-VT filter,TopRight.jpg,11391,21,Fixation,1406,1437,291,644.08,644.08,0,0
Adult8,I-VT filter,TopRight.jpg,11395,21,Fixation,1406,1435,296,643.82,643.82,0,0
Adult8,I-VT filter,TopRight.jpg,11398,21,Fixation,1406,1436,288,643.64,643.64,0,0
Adult8,I-VT filter,TopRight.jpg,11401,21,Fixation,1406,1430,291,643.64,643.64,0,0
Adult8,I-VT filter,TopRight.jpg,11405,21,Fixation,1406,1440,290,643.47,643.47,0,0
Adult8,I-VT filter,TopRight.jpg,11408,21,Fixation,1406,1435,290,642.99,642.99,0,0
Adult8,I-VT filter,TopRight.jpg,11411,21,Fixation,1406,1440,295,643.04,643.04,0,0
Adult8,I-VT filter,TopRight.jpg,11415,21,Fixation,1406,1427,286,643.03,643.03,0,0
Adult8,I-VT filter,TopRight.jpg,11418,21,Fixation,1406,1431,291,642.88,642.88,0,0
Adult8,I-VT filter,TopRight.jpg,11421,21,Fixation,1406,1426,300,642.16,642.16,0,0
Adult8,I-VT filter,TopRight.jpg,11425,21,Fixation,1406,1431,292,642.51,642.51,0,0
Adult8,I-VT filter,TopRight.jpg,11428,21,Fixation,1406,1431,297,642.05,642.05,0,0
Adult8,I-VT filter,TopRight.jpg,11431,21,Fixation,1406,1428,292,642.2,642.2,0,0
Adult8,I-VT filter,TopRight.jpg,11435,21,Fixation,1406,1429,299,641.91,641.91,0,0
Adult8,I-VT filter,TopRight.jpg,11438,21,Fixation,1406,1430,291,642.11,642.11,0,0
Adult8,I-VT filter,TopRight.jpg,11441,21,Fixation,1406,1424,294,642.41,642.41,0,0
Adult8,I-VT filter,TopRight.jpg,11445,21,Fixation,1406,1432,293,642.22,642.22,0,0
Adult8,I-VT filter,TopRight.jpg,11448,21,Fixation,1406,1429,295,641.98,641.98,0,0
Adult8,I-VT filter,TopRight.jpg,11451,21,Fixation,1406,1429,289,642.44,642.44,0,0
Adult8,I-VT filter,TopRight.jpg,11455,21,Fixation,1406,1432,300,642.45,642.45,0,0
Adult8,I-VT filter,TopRight.jpg,11458,21,Fixation,1406,1431,291,642.28,642.28,0,0
Adult8,I-VT filter,TopRight.jpg,11461,21,Fixation,1406,1434,296,641.98,641.98,0,0
Adult8,I-VT filter,TopRight.jpg,11465,21,Fixation,1406,1429,293,642.03,642.03,0,0
Adult8,I-VT filter,TopRight.jpg,11468,21,Fixation,1406,1429,295,642.05,642.05,0,0
Adult8,I-VT filter,TopRight.jpg,11471,21,Fixation,1406,1429,296,642.33,642.33,0,0
Adult8,I-VT filter,TopRight.jpg,11475,21,Fixation,1406,1425,288,642.07,642.07,0,0
Adult8,I-VT filter,TopRight.jpg,11478,21,Fixation,1406,1425,290,642.35,642.35,0,0
Adult8,I-VT filter,TopRight.jpg,11481,21,Fixation,1406,1434,292,642.9,642.9,0,0
Adult8,I-VT filter,TopRight.jpg,11485,21,Fixation,1406,1429,286,643.34,643.34,0,0
Adult8,I-VT filter,TopRight.jpg,11488,21,Fixation,1406,1425,291,643.23,643.23,0,0
Adult8,I-VT filter,TopRight.jpg,11491,21,Fixation,1406,1423,291,642.55,642.55,0,0
Adult8,I-VT filter,TopRight.jpg,11495,21,Fixation,1406,1435,290,642.63,642.63,0,0
Adult8,I-VT filter,TopRight.jpg,11498,21,Fixation,1406,1424,289,642.82,642.82,0,0
Adult8,I-VT filter,TopRight.jpg,11501,21,Fixation,1406,1427,289,642.86,642.86,0,0
Adult8,I-VT filter,TopRight.jpg,11505,21,Fixation,1406,1434,284,642.79,642.79,0,0
Adult8,I-VT filter,TopRight.jpg,11508,21,Fixation,1406,1423,280,642.87,642.87,0,0
Adult8,I-VT filter,TopRight.jpg,11511,21,Fixation,1406,1429,289,643.35,643.35,0,0
Adult8,I-VT filter,TopRight.jpg,11515,21,Fixation,1406,1427,285,643.3,643.3,0,0
Adult8,I-VT filter,TopRight.jpg,11518,21,Fixation,1406,1424,291,643.18,643.18,0,0
Adult8,I-VT filter,TopRight.jpg,11521,21,Fixation,1406,1434,287,643.34,643.34,0,0
Adult8,I-VT filter,TopRight.jpg,11525,21,Fixation,1406,1439,294,643.5,643.5,0,0
Adult8,I-VT filter,TopRight.jpg,11528,21,Fixation,1406,1434,288,643.85,643.85,0,0
Adult8,I-VT filter,TopRight.jpg,11531,21,Fixation,1406,1436,292,644.13,644.13,0,0
Adult8,I-VT filter,TopRight.jpg,11535,21,Fixation,1406,1429,284,644.49,644.49,0,0
Adult8,I-VT filter,TopRight.jpg,11538,21,Fixation,1406,1435,287,644.28,644.28,0,0
Adult8,I-VT filter,TopRight.jpg,11541,21,Fixation,1406,1427,289,644.42,644.42,0,0
Adult8,I-VT filter,TopRight.jpg,11545,21,Fixation,1406,1434,289,644.61,644.61,0,0
Adult8,I-VT filter,TopRight.jpg,11548,21,Fixation,1406,1432,287,644.49,644.49,0,0
Adult8,I-VT filter,TopRight.jpg,11551,21,Fixation,1406,1435,293,644.35,644.35,0,0
Adult8,I-VT filter,TopRight.jpg,11555,21,Fixation,1406,1430,295,644.72,644.72,0,0
Adult8,I-VT filter,TopRight.jpg,11558,21,Fixation,1406,1432,286,644.64,644.64,0,0
Adult8,I-VT filter,TopRight.jpg,11561,21,Fixation,1406,1438,287,644.7,644.7,0,0
Adult8,I-VT filter,TopRight.jpg,11565,21,Fixation,1406,1430,289,644.56,644.56,0,0
Adult8,I-VT filter,TopRight.jpg,11568,21,Fixation,1406,1428,292,644.13,644.13,0,0
Adult8,I-VT filter,TopRight.jpg,11571,21,Fixation,1406,1427,294,644.06,644.06,0,0
Adult8,I-VT filter,TopRight.jpg,11575,21,Fixation,1406,1435,293,644.01,644.01,0,0
Adult8,I-VT filter,TopRight.jpg,11578,21,Fixation,1406,1430,285,644.05,644.05,0,0
Adult8,I-VT filter,TopRight.jpg,11581,21,Fixation,1406,1426,284,644.23,644.23,0,0
Adult8,I-VT filter,TopRight.jpg,11585,21,Fixation,1406,1426,294,644.32,644.32,0,0
Adult8,I-VT filter,TopRight.jpg,11588,21,Fixation,1406,1433,283,644.09,644.09,0,0
Adult8,I-VT filter,TopRight.jpg,11591,21,Fixation,1406,1421,290,643.62,643.62,0,0
Adult8,I-VT filter,TopRight.jpg,11595,21,Fixation,1406,1426,301,643.59,643.59,0,0
Adult8,I-VT filter,TopRight.jpg,11598,21,Fixation,1406,1425,293,642.65,642.65,0,0
Adult8,I-VT filter,TopRight.jpg,11601,21,Fixation,1406,1432,296,642.79,642.79,0,0
Adult8,I-VT filter,TopRight.jpg,11605,21,Fixation,1406,1431,290,642.75,642.75,0,0
Adult8,I-VT filter,TopRight.jpg,11608,21,Fixation,1406,1425,289,642.41,642.41,0,0
Adult8,I-VT filter,TopRight.jpg,11611,21,Fixation,1406,1430,296,642.2,642.2,0,0
Adult8,I-VT filter,TopRight.jpg,11615,21,Fixation,1406,1432,296,641.48,641.48,0,0
Adult8,I-VT filter,TopRight.jpg,11618,21,Fixation,1406,1430,295,641.25,641.25,0,0
Adult8,I-VT filter,TopRight.jpg,11621,21,Fixation,1406,1426,293,641.56,641.56,0,0
Adult8,I-VT filter,TopRight.jpg,11625,21,Fixation,1406,1424,294,641.3,641.3,0,0
Adult8,I-VT filter,TopRight.jpg,11628,21,Fixation,1406,1424,297,640.98,640.98,0,0
Adult8,I-VT filter,TopRight.jpg,11631,21,Fixation,1406,1420,299,641.41,641.41,0,0
Adult8,I-VT filter,TopRight.jpg,11635,21,Fixation,1406,1423,300,641.21,641.21,0,0
Adult8,I-VT filter,TopRight.jpg,11638,21,Fixation,1406,1426,302,641.69,641.69,0,0
Adult8,I-VT filter,TopRight.jpg,11641,21,Fixation,1406,1429,301,641.45,641.45,0,0
Adult8,I-VT filter,,11645,21,Fixation,1406,1425,289,641.42,641.42,0,0
Adult8,I-VT filter,,11648,21,Fixation,1406,1427,300,641.9,641.9,0,0
Adult8,I-VT filter,,11651,21,Fixation,1406,1423,295,642.03,642.03,0,0
Adult8,I-VT filter,,11655,21,Fixation,1406,1423,287,641.88,641.88,0,0
Adult8,I-VT filter,,11658,21,Fixation,1406,1427,301,642.04,642.04,0,0
Adult8,I-VT filter,,11661,21,Fixation,1406,1426,287,642.5,642.5,0,0
Adult8,I-VT filter,,11665,21,Fixation,1406,1424,292,642.45,642.45,0,0
Adult8,I-VT filter,,11668,21,Fixation,1406,1429,295,642.41,642.41,0,0
Adult8,I-VT filter,,11671,21,Fixation,1406,1423,294,643.07,643.07,0,0
Adult8,I-VT filter,,11675,21,Fixation,1406,1419,302,642.71,642.71,0,0
Adult8,I-VT filter,,11678,21,Fixation,1406,1424,292,643.11,643.11,0,0
Adult8,I-VT filter,,11681,21,Fixation,1406,1430,290,643.08,643.08,0,0
Adult8,I-VT filter,,11685,21,Fixation,1406,1419,291,643.29,643.29,0,0
Adult8,I-VT filter,,11688,21,Fixation,1406,1429,293,643.5,643.5,0,0
Adult8,I-VT filter,,11691,21,Fixation,1406,1425,293,643.63,643.63,0,0
Adult8,I-VT filter,,11695,21,Fixation,1406,1429,297,643.69,643.69,0,0
Adult8,I-VT filter,,11698,21,Fixation,1406,1429,298,643.46,643.46,0,0
Adult8,I-VT filter,,11701,21,Fixation,1406,1427,291,643.51,643.51,0,0
Adult8,I-VT filter,,11705,21,Fixation,1406,1426,294,643.11,643.11,0,0
Adult8,I-VT filter,,11708,21,Fixation,1406,1430,302,643.32,643.32,0,0
Adult8,I-VT filter,,11711,21,Fixation,1406,1430,297,643.37,643.37,0,0
Adult8,I-VT filter,,11715,21,Fixation,1406,1428,304,643.4,643.4,0,0
Adult8,I-VT filter,,11718,21,Fixation,1406,1433,289,643.14,643.14,0,0
Adult8,I-VT filter,,11721,21,Fixation,1406,1429,296,642.71,642.71,0,0
Adult8,I-VT filter,,11725,21,Fixation,1406,1430,296,642.49,642.49,0,0
Adult8,I-VT filter,,11728,21,Fixation,1406,1425,288,642.8,642.8,0,0
Adult8,I-VT filter,,11731,21,Fixation,1406,1431,290,642.47,642.47,0,0
Adult8,I-VT filter,,11735,21,Fixation,1406,1430,296,643.01,643.01,0,0
Adult8,I-VT filter,,11738,21,Fixation,1406,1429,291,642.61,642.61,0,0
Adult8,I-VT filter,,11741,21,Fixation,1406,1431,296,642.91,642.91,0,0
Adult8,I-VT filter,,11745,21,Fixation,1406,1421,299,642.31,642.31,0,0
Adult8,I-VT filter,,11748,21,Fixation,1406,1421,296,642.22,642.22,0,0
Adult8,I-VT filter,,11751,21,Fixation,1406,1430,298,642.58,642.58,0,0
Adult8,I-VT filter,,11755,21,Fixation,1406,1435,295,641.9,641.9,0,0
Adult8,I-VT filter,,11758,21,Fixation,1406,1422,291,642.2,642.2,0,0
Adult8,I-VT filter,,11761,21,Fixation,1406,1418,298,641.21,641.21,0,0
Adult8,I-VT filter,,11765,21,Fixation,1406,1425,294,641.83,641.83,0,0
Adult8,I-VT filter,,11768,21,Fixation,1406,1427,295,640.78,640.78,0,0
Adult8,I-VT filter,,11771,21,Fixation,1406,1421,291,642,642,0,0
Adult8,I-VT filter,,11775,21,Fixation,1406,1423,300,641.98,641.98,0,0
Adult8,I-VT filter,,11778,21,Fixation,1406,1431,298,641.91,641.91,0,0
Adult8,I-VT filter,,11781,21,Fixation,1406,1419,303,642.09,642.09,0,0
Adult8,I-VT filter,,11785,21,Fixation,1406,1417,299,642.11,642.11,0,0
Adult8,I-VT filter,,11788,21,Fixation,1406,1418,289,642.26,642.26,0,0
Adult8,I-VT filter,,11791,21,Fixation,1406,1428,292,642.26,642.26,0,0
Adult8,I-VT filter,,11795,21,Fixation,1406,1419,284,641.49,641.49,0,0
Adult8,I-VT filter,,11798,21,Fixation,1406,1423,296,641.78,641.78,0,0
Adult8,I-VT filter,,11801,21,Fixation,1406,1422,294,642.1,642.1,0,0
Adult8,I-VT filter,,11805,21,Fixation,1406,1432,293,642.22,642.22,0,0
Adult8,I-VT filter,,11808,21,Fixation,1406,1428,296,642.1,642.1,0,0
Adult8,I-VT filter,,11811,21,Fixation,1406,1418,304,642.29,642.29,0,0
Adult8,I-VT filter,,11815,21,Fixation,1406,1431,293,641.94,641.94,0,0
Adult8,I-VT filter,,11818,21,Fixation,1406,1432,300,642.21,642.21,0,0
Adult8,I-VT filter,,11821,21,Fixation,1406,1429,298,642.55,642.55,0,0
Adult8,I-VT filter,,11825,21,Fixation,1406,1424,302,642.32,642.32,0,0
Adult8,I-VT filter,,11828,21,Fixation,1406,1425,299,642.19,642.19,0,0
Adult8,I-VT filter,,11831,21,Fixation,1406,1425,299,641.78,641.78,0,0
Adult8,I-VT filter,,11835,21,Fixation,1406,1424,298,641.84,641.84,0,0
Adult8,I-VT filter,,11838,21,Fixation,1406,1420,301,641.78,641.78,0,0
Adult8,I-VT filter,,11841,21,Fixation,1406,1427,292,641.92,641.92,0,0
Adult8,I-VT filter,,11845,21,Fixation,1406,1431,305,641.41,641.41,0,0
Adult8,I-VT filter,,11848,21,Fixation,1406,1432,300,641.58,641.58,0,0
Adult8,I-VT filter,,11851,21,Fixation,1406,1426,295,641.91,641.91,0,0
Adult8,I-VT filter,,11855,21,Fixation,1406,1425,304,641.77,641.77,0,0
Adult8,I-VT filter,,11858,21,Fixation,1406,1429,298,641.75,641.75,0,0
Adult8,I-VT filter,,11861,21,Fixation,1406,1434,300,642.28,642.28,0,0
Adult8,I-VT filter,,11865,21,Fixation,1406,1421,292,642.08,642.08,0,0
Adult8,I-VT filter,,11868,21,Fixation,1406,1426,307,642.41,642.41,0,0
Adult8,I-VT filter,,11871,21,Fixation,1406,1423,306,642.07,642.07,0,0
Adult8,I-VT filter,,11875,21,Fixation,1406,1429,300,642.15,642.15,0,0
Adult8,I-VT filter,,11878,21,Fixation,1406,1433,295,642.27,642.27,0,0
Adult8,I-VT filter,,11881,21,Fixation,1406,1429,303,642.01,642.01,0,0
Adult8,I-VT filter,,11885,21,Fixation,1406,1430,298,642.54,642.54,0,0
Adult8,I-VT filter,,11888,21,Fixation,1406,1428,293,642.26,642.26,0,0
Adult8,I-VT filter,,11891,21,Fixation,1406,1420,296,642.71,642.71,0,0
Adult8,I-VT filter,,11895,21,Fixation,1406,1425,299,642.85,642.85,0,0
Adult8,I-VT filter,,11898,21,Fixation,1406,1421,293,642.96,642.96,0,0
Adult8,I-VT filter,,11901,21,Fixation,1406,1423,300,643.22,643.22,0,0
Adult8,I-VT filter,,11905,21,Fixation,1406,1422,296,643.33,643.33,0,0
Adult8,I-VT filter,,11908,21,Fixation,1406,1424,301,642.83,642.83,0,0
Adult8,I-VT filter,,11911,21,Fixation,1406,1424,294,643.26,643.26,0,0
Adult8,I-VT filter,,11915,21,Fixation,1406,1425,291,643.38,643.38,0,0
Adult8,I-VT filter,,11918,21,Fixation,1406,1429,294,644.1,644.1,0,0
Adult8,I-VT filter,,11921,21,Fixation,1406,1430,300,643.53,643.53,0,0
Adult8,I-VT filter,,11925,21,Fixation,1406,1425,293,644.34,644.34,0,0
Adult8,I-VT filter,,11928,21,Fixation,1406,1416,293,644.81,644.81,0,0
Adult8,I-VT filter,,11931,21,Fixation,1406,1416,298,644.62,644.62,0,0
Adult8,I-VT filter,,11935,21,Fixation,1406,1422,300,645.05,645.05,0,0
Adult8,I-VT filter,,11938,21,Fixation,1406,1418,300,645.04,645.04,0,0
Adult8,I-VT filter,,11941,21,Fixation,1406,1428,297,645.08,645.08,0,0
Adult8,I-VT filter,,11945,21,Fixation,1406,1426,289,645.23,645.23,0,0
Adult8,I-VT filter,,11948,21,Fixation,1406,1423,295,644.59,644.59,0,0
Adult8,I-VT filter,,11951,21,Fixation,1406,1424,294,644.83,644.83,0,0
Adult8,I-VT filter,,11955,21,Fixation,1406,1425,293,644.53,644.53,0,0
Adult8,I-VT filter,,11958,21,Fixation,1406,1423,295,644.21,644.21,0,0
Adult8,I-VT filter,,11961,21,Fixation,1406,1424,290,644.02,644.02,0,0
Adult8,I-VT filter,,11965,21,Fixation,1406,1426,299,643.87,643.87,0,0
Adult8,I-VT filter,,11968,21,Fixation,1406,1428,292,643.14,643.14,0,0
Adult8,I-VT filter,,11971,21,Fixation,1406,1423,290,643.13,643.13,0,0
Adult8,I-VT filter,,11975,21,Fixation,1406,1420,299,642.99,642.99,0,0
Adult8,I-VT filter,,11978,21,Fixation,1406,1420,296,642.51,642.51,0,0
Adult8,I-VT filter,,11981,21,Fixation,1406,1428,299,642.44,642.44,0,0
Adult8,I-VT filter,,11985,21,Fixation,1406,1419,303,642.34,642.34,0,0
Adult8,I-VT filter,,11988,21,Fixation,1406,1421,306,641.41,641.41,0,0
Adult8,I-VT filter,,11991,21,Fixation,1406,1422,300,642.01,642.01,0,0
Adult8,I-VT filter,,11995,21,Fixation,1406,1419,301,642.46,642.46,0,0
Adult8,I-VT filter,,11998,21,Fixation,1406,1419,306,641.84,641.84,0,0
Adult8,I-VT filter,,12001,21,Fixation,1406,1421,304,643.25,643.25,0,0
Adult8,I-VT filter,,12005,21,Fixation,1406,1424,295,644.01,644.01,0,0
Adult8,I-VT filter,,12008,21,Fixation,1406,1425,298,644.27,644.27,0,0
Adult8,I-VT filter,,12011,21,Fixation,1406,1420,299,644.59,644.59,0,0
Adult8,I-VT filter,,12015,21,Fixation,1406,1428,305,644.12,644.12,0,0
Adult8,I-VT filter,,12018,21,Fixation,1406,1423,299,644.35,644.35,0,0
Adult8,I-VT filter,,12021,21,Fixation,1406,1425,294,644.37,644.37,0,0
Adult8,I-VT filter,,12025,21,Fixation,1406,1426,302,644.25,644.25,0,0
Adult8,I-VT filter,,12028,21,Fixation,1406,1428,306,643.61,643.61,0,0
Adult8,I-VT filter,,12031,21,Fixation,1406,1432,297,642.95,642.95,0,0
Adult8,I-VT filter,,12035,21,Fixation,1406,1424,310,643.41,643.41,0,0
Adult8,I-VT filter,,12038,21,Fixation,1406,1425,311,642.94,642.94,0,0
Adult8,I-VT filter,,12041,21,Fixation,1406,1425,298,642.83,642.83,0,0
Adult8,I-VT filter,,12045,21,Fixation,1406,1431,300,641.98,641.98,0,0
Adult8,I-VT filter,,12048,21,Fixation,1406,1417,309,642.03,642.03,0,0
Adult8,I-VT filter,,12051,21,Fixation,1406,1421,301,642.25,642.25,0,0
Adult8,I-VT filter,,12055,21,Fixation,1406,1425,305,641.68,641.68,0,0
Adult8,I-VT filter,,12058,21,Fixation,1406,1425,301,641.57,641.57,0,0
Adult8,I-VT filter,,12061,21,Fixation,1406,1424,298,641.55,641.55,0,0
Adult8,I-VT filter,,12065,21,Fixation,1406,1434,294,641.77,641.77,0,0
Adult8,I-VT filter,,12068,21,Fixation,1406,1425,302,641.35,641.35,0,0
Adult8,I-VT filter,,12071,21,Fixation,1406,1423,305,642.15,642.15,0,0
Adult8,I-VT filter,,12075,,Saccade,3,1425,299,642.48,642.48,0,0
Adult8,I-VT filter,,12078,22,Fixation,293,1433,299,642.45,642.45,0,0
Adult8,I-VT filter,,12081,22,Fixation,293,1429,301,642.57,642.57,0,0
Adult8,I-VT filter,,12085,22,Fixation,293,1415,311,642.8,642.8,0,0
Adult8,I-VT filter,,12088,22,Fixation,293,1424,300,642.95,642.95,0,0
Adult8,I-VT filter,,12091,22,Fixation,293,1426,293,643.44,643.44,0,0
Adult8,I-VT filter,,12095,22,Fixation,293,1422,294,643.46,643.46,0,0
Adult8,I-VT filter,,12098,22,Fixation,293,1424,296,643.62,643.62,0,0
Adult8,I-VT filter,,12101,22,Fixation,293,1423,295,643.79,643.79,0,0
Adult8,I-VT filter,,12105,22,Fixation,293,1428,300,644,644,0,0
Adult8,I-VT filter,,12108,22,Fixation,293,1430,296,644.33,644.33,0,0
Adult8,I-VT filter,,12111,22,Fixation,293,1432,302,644,644,0,0
Adult8,I-VT filter,,12115,22,Fixation,293,1422,294,644.05,644.05,0,0
Adult8,I-VT filter,,12118,22,Fixation,293,1427,299,644.61,644.61,0,0
Adult8,I-VT filter,,12121,22,Fixation,293,1422,301,644.97,644.97,0,0
Adult8,I-VT filter,,12125,22,Fixation,293,1421,302,644.45,644.45,0,0
Adult8,I-VT filter,,12128,22,Fixation,293,1429,292,644.71,644.71,0,0
Adult8,I-VT filter,,12131,22,Fixation,293,1417,305,644.59,644.59,0,0
Adult8,I-VT filter,,12135,22,Fixation,293,1431,298,644.61,644.61,0,0
Adult8,I-VT filter,,12138,22,Fixation,293,1424,303,644.42,644.42,0,0
Adult8,I-VT filter,,12141,22,Fixation,293,1433,295,644.33,644.33,0,0
Adult8,I-VT filter,,12145,22,Fixation,293,1430,298,644.56,644.56,0,0
Adult8,I-VT filter,,12148,22,Fixation,293,1425,295,644.53,644.53,0,0
Adult8,I-VT filter,,12151,22,Fixation,293,1430,292,644.89,644.89,0,0
Adult8,I-VT filter,BottomLeft.jpg,12155,22,Fixation,293,1426,305,644.52,644.52,0,0
Adult8,I-VT filter,BottomLeft.jpg,12158,22,Fixation,293,1427,296,644.36,644.36,0,0
Adult8,I-VT filter,BottomLeft.jpg,12161,22,Fixation,293,1434,294,644.35,644.35,0,0
Adult8,I-VT filter,BottomLeft.jpg,12165,22,Fixation,293,1428,294,644.21,644.21,0,0
Adult8,I-VT filter,BottomLeft.jpg,12168,22,Fixation,293,1422,292,644.09,644.09,0,0
Adult8,I-VT filter,BottomLeft.jpg,12171,22,Fixation,293,1435,304,643.84,643.84,0,0
Adult8,I-VT filter,BottomLeft.jpg,12175,22,Fixation,293,1422,297,643.64,643.64,0,0
Adult8,I-VT filter,BottomLeft.jpg,12178,22,Fixation,293,1425,300,643.44,643.44,0,0
Adult8,I-VT filter,BottomLeft.jpg,12181,22,Fixation,293,1426,305,643.19,643.19,0,0
Adult8,I-VT filter,BottomLeft.jpg,12185,22,Fixation,293,1424,299,643.43,643.43,0,0
Adult8,I-VT filter,BottomLeft.jpg,12188,22,Fixation,293,1425,298,643.41,643.41,0,0
Adult8,I-VT filter,BottomLeft.jpg,12191,22,Fixation,293,1426,304,643.08,643.08,0,0
Adult8,I-VT filter,BottomLeft.jpg,12195,22,Fixation,293,1428,302,643.3,643.3,0,0
Adult8,I-VT filter,BottomLeft.jpg,12198,22,Fixation,293,1420,304,643.01,643.01,0,0
Adult8,I-VT filter,BottomLeft.jpg,12201,22,Fixation,293,1428,307,642.39,642.39,0,0
Adult8,I-VT filter,BottomLeft.jpg,12205,22,Fixation,293,1424,296,643.27,643.27,0,0
Adult8,I-VT filter,BottomLeft.jpg,12208,22,Fixation,293,1428,298,642.58,642.58,0,0
Adult8,I-VT filter,BottomLeft.jpg,12211,22,Fixation,293,1423,301,643.16,643.16,0,0
Adult8,I-VT filter,BottomLeft.jpg,12215,22,Fixation,293,1422,304,642.98,642.98,0,0
Adult8,I-VT filter,BottomLeft.jpg,12218,22,Fixation,293,1427,291,643.05,643.05,0,0
Adult8,I-VT filter,BottomLeft.jpg,12221,22,Fixation,293,1427,303,642.46,642.46,0,0
Adult8,I-VT filter,BottomLeft.jpg,12225,22,Fixation,293,1436,300,643.68,643.68,0,0
Adult8,I-VT filter,BottomLeft.jpg,12228,22,Fixation,293,1427,298,643,643,0,0
Adult8,I-VT filter,BottomLeft.jpg,12231,22,Fixation,293,1425,302,643.48,643.48,0,0
Adult8,I-VT filter,BottomLeft.jpg,12235,22,Fixation,293,1426,304,643.18,643.18,0,0
Adult8,I-VT filter,BottomLeft.jpg,12238,22,Fixation,293,1429,293,643.74,643.74,0,0
Adult8,I-VT filter,BottomLeft.jpg,12241,22,Fixation,293,1421,308,644.14,644.14,0,0
Adult8,I-VT filter,BottomLeft.jpg,12245,22,Fixation,293,1426,298,644.23,644.23,0,0
Adult8,I-VT filter,BottomLeft.jpg,12248,22,Fixation,293,1432,293,644.29,644.29,0,0
Adult8,I-VT filter,BottomLeft.jpg,12251,22,Fixation,293,1426,300,644.3,644.3,0,0
Adult8,I-VT filter,BottomLeft.jpg,12255,22,Fixation,293,1429,306,644.1,644.1,0,0
Adult8,I-VT filter,BottomLeft.jpg,12258,22,Fixation,293,1432,302,644.63,644.63,0,0
Adult8,I-VT filter,BottomLeft.jpg,12261,22,Fixation,293,1427,302,643.75,643.75,0,0
Adult8,I-VT filter,BottomLeft.jpg,12265,22,Fixation,293,1436,305,643.64,643.64,0,0
Adult8,I-VT filter,BottomLeft.jpg,12268,22,Fixation,293,1426,299,644.38,644.38,0,0
Adult8,I-VT filter,BottomLeft.jpg,12271,22,Fixation,293,1426,298,644.21,644.21,0,0
Adult8,I-VT filter,BottomLeft.jpg,12275,22,Fixation,293,1427,296,643.9,643.9,0,0
Adult8,I-VT filter,BottomLeft.jpg,12278,22,Fixation,293,1427,294,644.71,644.71,0,0
Adult8,I-VT filter,BottomLeft.jpg,12281,22,Fixation,293,1428,298,644.25,644.25,0,0
Adult8,I-VT filter,BottomLeft.jpg,12285,22,Fixation,293,1428,292,644.17,644.17,0,0
Adult8,I-VT filter,BottomLeft.jpg,12288,22,Fixation,293,1426,305,644.01,644.01,0,0
Adult8,I-VT filter,BottomLeft.jpg,12291,22,Fixation,293,1420,291,644.22,644.22,0,0
Adult8,I-VT filter,BottomLeft.jpg,12295,22,Fixation,293,1422,301,643.75,643.75,0,0
Adult8,I-VT filter,BottomLeft.jpg,12298,22,Fixation,293,1427,297,644.18,644.18,0,0
Adult8,I-VT filter,BottomLeft.jpg,12301,22,Fixation,293,1426,294,644.63,644.63,0,0
Adult8,I-VT filter,BottomLeft.jpg,12305,22,Fixation,293,1420,297,644.92,644.92,0,0
Adult8,I-VT filter,BottomLeft.jpg,12308,22,Fixation,293,1429,289,644.15,644.15,0,0
Adult8,I-VT filter,BottomLeft.jpg,12311,22,Fixation,293,1425,290,644.69,644.69,0,0
Adult8,I-VT filter,BottomLeft.jpg,12315,22,Fixation,293,1418,301,644.27,644.27,0,0
Adult8,I-VT filter,BottomLeft.jpg,12318,22,Fixation,293,1428,295,644.49,644.49,0,0
Adult8,I-VT filter,BottomLeft.jpg,12321,22,Fixation,293,1419,298,644.73,644.73,0,0
Adult8,I-VT filter,BottomLeft.jpg,12325,22,Fixation,293,1420,300,644.39,644.39,0,0
Adult8,I-VT filter,BottomLeft.jpg,12328,22,Fixation,293,1424,290,644.38,644.38,0,0
Adult8,I-VT filter,BottomLeft.jpg,12331,22,Fixation,293,1429,292,644.44,644.44,0,0
Adult8,I-VT filter,BottomLeft.jpg,12335,22,Fixation,293,1422,300,644.67,644.67,0,0
Adult8,I-VT filter,BottomLeft.jpg,12338,22,Fixation,293,1422,294,644.23,644.23,0,0
Adult8,I-VT filter,BottomLeft.jpg,12341,22,Fixation,293,1424,303,643.55,643.55,0,0
Adult8,I-VT filter,BottomLeft.jpg,12345,22,Fixation,293,1422,299,643.56,643.56,0,0
Adult8,I-VT filter,BottomLeft.jpg,12348,22,Fixation,293,1420,296,643.59,643.59,0,0
Adult8,I-VT filter,BottomLeft.jpg,12351,22,Fixation,293,1429,300,643.73,643.73,0,0
Adult8,I-VT filter,BottomLeft.jpg,12355,22,Fixation,293,1425,303,643.35,643.35,0,0
Adult8,I-VT filter,BottomLeft.jpg,12358,22,Fixation,293,1428,296,643.86,643.86,0,0
Adult8,I-VT filter,BottomLeft.jpg,12361,22,Fixation,293,1419,303,643.24,643.24,0,0
Adult8,I-VT filter,BottomLeft.jpg,12365,22,Fixation,293,1424,304,642.8,642.8,0,0
Adult8,I-VT filter,BottomLeft.jpg,12368,22,Fixation,293,1416,304,641.96,641.96,0,0
Adult8,I-VT filter,BottomLeft.jpg,12371,,Saccade,53,1415,303,643.25,643.25,0,0
Adult8,I-VT filter,BottomLeft.jpg,12375,,Saccade,53,1422,308,645.41,645.41,0,0
Adult8,I-VT filter,BottomLeft.jpg,12378,,Saccade,53,1409,302,647.08,647.08,0,0
Adult8,I-VT filter,BottomLeft.jpg,12381,,Saccade,53,1390,306,649.45,649.45,0,0
Adult8,I-VT filter,BottomLeft.jpg,12385,,Saccade,53,1362,305,652.71,652.71,0,0
Adult8,I-VT filter,BottomLeft.jpg,12388,,Saccade,53,1342,312,652.6,652.6,0,0
Adult8,I-VT filter,BottomLeft.jpg,12391,,Saccade,53,1320,308,655.01,655.01,0,0
Adult8,I-VT filter,BottomLeft.jpg,12395,,Saccade,53,1297,312,657.31,657.31,0,0
Adult8,I-VT filter,BottomLeft.jpg,12398,,Saccade,53,1270,327,658.18,658.18,0,0
Adult8,I-VT filter,BottomLeft.jpg,12401,,Saccade,53,1238,334,656.17,656.17,0,0
Adult8,I-VT filter,BottomLeft.jpg,12405,,Saccade,53,1216,333,655.5,655.5,0,0
Adult8,I-VT filter,BottomLeft.jpg,12408,,Saccade,53,1184,354,654.72,654.72,0,0
Adult8,I-VT filter,BottomLeft.jpg,12411,,Saccade,53,1168,361,654.41,654.41,0,0
Adult8,I-VT filter,BottomLeft.jpg,12415,,Saccade,53,1138,378,655.02,655.02,0,0
Adult8,I-VT filter,BottomLeft.jpg,12418,,Saccade,53,1111,390,655.65,655.65,0,0
Adult8,I-VT filter,BottomLeft.jpg,12421,,Saccade,53,1089,435,655.83,655.83,0,0
Adult8,I-VT filter,BottomLeft.jpg,12425,,Unclassified,10,1071,475,659.06,659.06,0,0
Adult8,I-VT filter,BottomLeft.jpg,12428,,Unclassified,10,1039,550,659.28,659.28,0,0
Adult8,I-VT filter,BottomLeft.jpg,12431,,Unclassified,10,1007,520,661.78,,0,4
Adult8,I-VT filter,BottomLeft.jpg,12435,,Unclassified,173,,,,,4,4
Adult8,I-VT filter,BottomLeft.jpg,12438,,Unclassified,173,,,,,4,4
Adult8,I-VT filter,BottomLeft.jpg,12441,,Unclassified,173,,,,,4,4
Adult8,I-VT filter,BottomLeft.jpg,12445,,Unclassified,173,,,,,4,4
Adult8,I-VT filter,BottomLeft.jpg,12448,,Unclassified,173,,,,,4,4
Adult8,I-VT filter,BottomLeft.jpg,12451,,Unclassified,173,,,,,4,4
Adult8,I-VT filter,BottomLeft.jpg,12455,,Unclassified,173,,,,,4,4
Adult8,I-VT filter,BottomLeft.jpg,12458,,Unclassified,173,,,,,4,4
Adult8,I-VT filter,BottomLeft.jpg,12461,,Unclassified,173,,,,,4,4
Adult8,I-VT filter,BottomLeft.jpg,12465,,Unclassified,173,,,,,4,4
Adult8,I-VT filter,BottomLeft.jpg,12468,,Unclassified,173,,,,,4,4
Adult8,I-VT filter,BottomLeft.jpg,12471,,Unclassified,173,,,,,4,4
Adult8,I-VT filter,BottomLeft.jpg,12475,,Unclassified,173,,,,,4,4
Adult8,I-VT filter,BottomLeft.jpg,12478,,Unclassified,173,,,,,4,4
Adult8,I-VT filter,BottomLeft.jpg,12481,,Unclassified,173,,,,,4,4
Adult8,I-VT filter,BottomLeft.jpg,12485,,Unclassified,173,,,,,4,4
Adult8,I-VT filter,BottomLeft.jpg,12488,,Unclassified,173,,,,,4,4
Adult8,I-VT filter,BottomLeft.jpg,12491,,Unclassified,173,,,,,4,4
Adult8,I-VT filter,BottomLeft.jpg,12495,,Unclassified,173,,,,,4,4
Adult8,I-VT filter,BottomLeft.jpg,12498,,Unclassified,173,,,,,4,4
Adult8,I-VT filter,BottomLeft.jpg,12501,,Unclassified,173,,,,,4,4
Adult8,I-VT filter,BottomLeft.jpg,12505,,Unclassified,173,,,,,4,4
Adult8,I-VT filter,BottomLeft.jpg,12508,,Unclassified,173,,,,,4,4
Adult8,I-VT filter,BottomLeft.jpg,12511,,Unclassified,173,,,,,4,4
Adult8,I-VT filter,BottomLeft.jpg,12515,,Unclassified,173,,,,,4,4
Adult8,I-VT filter,BottomLeft.jpg,12518,,Unclassified,173,,,,,4,4
Adult8,I-VT filter,BottomLeft.jpg,12521,,Unclassified,173,,,,,4,4
Adult8,I-VT filter,BottomLeft.jpg,12525,,Unclassified,173,,,,,4,4
Adult8,I-VT filter,BottomLeft.jpg,12528,,Unclassified,173,,,,,4,4
Adult8,I-VT filter,BottomLeft.jpg,12531,,Unclassified,173,,,,,4,4
Adult8,I-VT filter,BottomLeft.jpg,12535,,Unclassified,173,,,,,4,4
Adult8,I-VT filter,BottomLeft.jpg,12538,,Unclassified,173,,,,,4,4
Adult8,I-VT filter,BottomLeft.jpg,12541,,Unclassified,173,,,,,4,4
Adult8,I-VT filter,BottomLeft.jpg,12545,,Unclassified,173,,,,,4,4
Adult8,I-VT filter,BottomLeft.jpg,12548,,Unclassified,173,,,,,4,4
Adult8,I-VT filter,BottomLeft.jpg,12551,,Unclassified,173,,,,,4,4
Adult8,I-VT filter,BottomLeft.jpg,12555,,Unclassified,173,,,,,4,4
Adult8,I-VT filter,BottomLeft.jpg,12558,,Unclassified,173,,,,,4,4
Adult8,I-VT filter,BottomLeft.jpg,12561,,Unclassified,173,,,,,4,4
Adult8,I-VT filter,BottomLeft.jpg,12565,,Unclassified,173,,,,,4,4
Adult8,I-VT filter,BottomLeft.jpg,12568,,Unclassified,173,,,,,4,4
Adult8,I-VT filter,BottomLeft.jpg,12571,,Unclassified,173,,,,,4,4
Adult8,I-VT filter,BottomLeft.jpg,12575,,Unclassified,173,,,,,4,4
Adult8,I-VT filter,BottomLeft.jpg,12578,,Unclassified,173,,,,,4,4
Adult8,I-VT filter,BottomLeft.jpg,12581,,Unclassified,173,,,,,4,4
Adult8,I-VT filter,BottomLeft.jpg,12585,,Unclassified,173,,,,,4,4
Adult8,I-VT filter,BottomLeft.jpg,12588,,Unclassified,173,,,,,4,4
Adult8,I-VT filter,BottomLeft.jpg,12591,,Unclassified,173,,,,,4,4
Adult8,I-VT filter,BottomLeft.jpg,12595,,Unclassified,173,,,,,4,4
Adult8,I-VT filter,BottomLeft.jpg,12598,,Unclassified,173,,,,,4,4
Adult8,I-VT filter,BottomLeft.jpg,12601,,Unclassified,173,,,,,4,4
Adult8,I-VT filter,BottomLeft.jpg,12605,,Unclassified,173,,,,,4,4
Adult8,I-VT filter,BottomLeft.jpg,12608,,Unclassified,10,540,786,629.61,629.61,3,1
Adult8,I-VT filter,BottomLeft.jpg,12611,,Unclassified,10,550,731,644.22,644.22,3,1
Adult8,I-VT filter,BottomLeft.jpg,12615,,Unclassified,10,541,823,629.59,629.59,3,1
Adult8,I-VT filter,BottomLeft.jpg,12618,,Saccade,7,550,754,643.64,643.64,3,1
Adult8,I-VT filter,BottomLeft.jpg,12621,,Saccade,7,538,808,643.95,643.95,3,1
Adult8,I-VT filter,BottomLeft.jpg,12625,,Unclassified,3,540,813,643.74,643.74,3,1
Adult8,I-VT filter,BottomLeft.jpg,12628,,Saccade,3,491,837,661.94,661.94,0,0
Adult8,I-VT filter,BottomLeft.jpg,12631,,Unclassified,10,486,850,661.75,661.75,0,0
Adult8,I-VT filter,BottomLeft.jpg,12635,,Unclassified,10,485,830,662.06,662.06,0,0
Adult8,I-VT filter,BottomLeft.jpg,12638,,Unclassified,10,488,835,662.12,662.12,0,0
Adult8,I-VT filter,BottomLeft.jpg,12641,,Saccade,3,481,854,,0,4,0
Adult8,I-VT filter,BottomLeft.jpg,12645,,Unclassified,20,489,853,,0,4,0
Adult8,I-VT filter,BottomLeft.jpg,12648,,Unclassified,20,492,838,,0,4,0
Adult8,I-VT filter,BottomLeft.jpg,12651,,Unclassified,20,484,838,,0,4,0
Adult8,I-VT filter,BottomLeft.jpg,12655,,Unclassified,20,546,804,629.6,629.6,1,3
Adult8,I-VT filter,BottomLeft.jpg,12658,,Unclassified,20,553,793,629.59,629.59,1,3
Adult8,I-VT filter,BottomLeft.jpg,12661,,Unclassified,20,550,829,629.6,629.6,1,3
Adult8,I-VT filter,BottomLeft.jpg,12665,,Saccade,3,551,812,629.58,629.58,1,3
Adult8,I-VT filter,BottomLeft.jpg,12668,23,Fixation,83,488,825,661.53,661.53,0,0
Adult8,I-VT filter,BottomLeft.jpg,12671,23,Fixation,83,485,832,661.39,661.39,0,0
Adult8,I-VT filter,BottomLeft.jpg,12675,23,Fixation,83,501,844,661.72,661.72,0,0
Adult8,I-VT filter,BottomLeft.jpg,12678,23,Fixation,83,494,829,661.81,661.81,0,0
Adult8,I-VT filter,BottomLeft.jpg,12681,23,Fixation,83,484,834,661.92,661.92,0,0
Adult8,I-VT filter,BottomLeft.jpg,12685,23,Fixation,83,486,832,662.04,662.04,0,0
Adult8,I-VT filter,BottomLeft.jpg,12688,23,Fixation,83,487,829,662.27,662.27,0,0
Adult8,I-VT filter,BottomLeft.jpg,12691,23,Fixation,83,485,825,662.14,662.14,0,0
Adult8,I-VT filter,BottomLeft.jpg,12695,23,Fixation,83,486,835,661.98,661.98,0,0
Adult8,I-VT filter,BottomLeft.jpg,12698,23,Fixation,83,484,830,662,662,0,0
Adult8,I-VT filter,BottomLeft.jpg,12701,23,Fixation,83,488,837,661.93,661.93,0,0
Adult8,I-VT filter,BottomLeft.jpg,12705,23,Fixation,83,493,836,661.52,661.52,0,0
Adult8,I-VT filter,BottomLeft.jpg,12708,23,Fixation,83,484,821,661.14,661.14,0,0
Adult8,I-VT filter,BottomLeft.jpg,12711,23,Fixation,83,488,829,660.94,660.94,0,0
Adult8,I-VT filter,BottomLeft.jpg,12715,23,Fixation,83,490,820,660.3,660.3,0,0
Adult8,I-VT filter,BottomLeft.jpg,12718,23,Fixation,83,488,832,660.82,660.82,0,0
Adult8,I-VT filter,BottomLeft.jpg,12721,23,Fixation,83,491,834,660.61,660.61,0,0
Adult8,I-VT filter,BottomLeft.jpg,12725,23,Fixation,83,494,835,660.26,660.26,0,0
Adult8,I-VT filter,BottomLeft.jpg,12728,23,Fixation,83,489,820,661.14,661.14,0,0
Adult8,I-VT filter,BottomLeft.jpg,12731,23,Fixation,83,491,831,660.68,660.68,0,0
Adult8,I-VT filter,BottomLeft.jpg,12735,23,Fixation,83,489,826,661.45,661.45,0,0
Adult8,I-VT filter,BottomLeft.jpg,12738,23,Fixation,83,488,823,660.69,660.69,0,0
Adult8,I-VT filter,BottomLeft.jpg,12741,23,Fixation,83,488,841,660.7,660.7,0,0
Adult8,I-VT filter,BottomLeft.jpg,12745,23,Fixation,83,490,814,660.03,660.03,0,0
Adult8,I-VT filter,BottomLeft.jpg,12748,23,Fixation,83,487,825,660.22,660.22,0,0
Adult8,I-VT filter,BottomLeft.jpg,12751,,Saccade,3,497,824,660.26,660.26,0,0
Adult8,I-VT filter,BottomLeft.jpg,12755,,Unclassified,7,487,820,659.91,659.91,0,0
Adult8,I-VT filter,BottomLeft.jpg,12758,,Unclassified,7,489,830,659.88,659.88,0,0
Adult8,I-VT filter,BottomLeft.jpg,12761,,Saccade,3,496,812,660.32,660.32,0,0
Adult8,I-VT filter,BottomLeft.jpg,12765,24,Fixation,117,483,797,660,660,0,0
Adult8,I-VT filter,BottomLeft.jpg,12768,24,Fixation,117,497,812,660,660,0,0
Adult8,I-VT filter,BottomLeft.jpg,12771,24,Fixation,117,483,801,660.21,660.21,0,0
Adult8,I-VT filter,BottomLeft.jpg,12775,24,Fixation,117,489,809,659.56,659.56,0,0
Adult8,I-VT filter,BottomLeft.jpg,12778,24,Fixation,117,495,810,660,660,0,0
Adult8,I-VT filter,BottomLeft.jpg,12781,24,Fixation,117,488,808,660.07,660.07,0,0
Adult8,I-VT filter,BottomLeft.jpg,12785,24,Fixation,117,483,808,659.69,659.69,0,0
Adult8,I-VT filter,BottomLeft.jpg,12788,24,Fixation,117,495,809,659.6,659.6,0,0
Adult8,I-VT filter,BottomLeft.jpg,12791,24,Fixation,117,493,792,659.43,659.43,0,0
Adult8,I-VT filter,BottomLeft.jpg,12795,24,Fixation,117,490,801,659.71,659.71,0,0
Adult8,I-VT filter,BottomLeft.jpg,12798,24,Fixation,117,487,798,659.11,659.11,0,0
Adult8,I-VT filter,BottomLeft.jpg,12801,24,Fixation,117,493,809,659.26,659.26,0,0
Adult8,I-VT filter,BottomLeft.jpg,12805,24,Fixation,117,488,801,659.23,659.23,0,0
Adult8,I-VT filter,BottomLeft.jpg,12808,24,Fixation,117,494,812,658.69,658.69,0,0
Adult8,I-VT filter,BottomLeft.jpg,12811,24,Fixation,117,493,810,659.05,659.05,0,0
Adult8,I-VT filter,BottomLeft.jpg,12815,24,Fixation,117,493,804,658.79,658.79,0,0
Adult8,I-VT filter,BottomLeft.jpg,12818,24,Fixation,117,495,803,658.92,658.92,0,0
Adult8,I-VT filter,BottomLeft.jpg,12821,24,Fixation,117,494,823,658.91,658.91,0,0
Adult8,I-VT filter,BottomLeft.jpg,12825,24,Fixation,117,498,818,659.14,659.14,0,0
Adult8,I-VT filter,BottomLeft.jpg,12828,24,Fixation,117,496,804,659.24,659.24,0,0
Adult8,I-VT filter,BottomLeft.jpg,12831,24,Fixation,117,491,819,658.96,658.96,0,0
Adult8,I-VT filter,BottomLeft.jpg,12834,24,Fixation,117,494,818,659.1,659.1,0,0
Adult8,I-VT filter,BottomLeft.jpg,12838,24,Fixation,117,492,795,658.95,658.95,0,0
Adult8,I-VT filter,BottomLeft.jpg,12841,24,Fixation,117,496,820,658.75,658.75,0,0
Adult8,I-VT filter,BottomLeft.jpg,12845,24,Fixation,117,488,797,658.01,658.01,0,0
Adult8,I-VT filter,BottomLeft.jpg,12848,24,Fixation,117,489,805,658.4,658.4,0,0
Adult8,I-VT filter,BottomLeft.jpg,12851,24,Fixation,117,490,807,658.33,658.33,0,0
Adult8,I-VT filter,BottomLeft.jpg,12855,24,Fixation,117,488,806,658.54,658.54,0,0
Adult8,I-VT filter,BottomLeft.jpg,12858,24,Fixation,117,492,818,658.44,658.44,0,0
Adult8,I-VT filter,BottomLeft.jpg,12861,24,Fixation,117,498,808,658.36,658.36,0,0
Adult8,I-VT filter,BottomLeft.jpg,12865,24,Fixation,117,493,814,657.77,657.77,0,0
Adult8,I-VT filter,BottomLeft.jpg,12868,24,Fixation,117,499,814,658.2,658.2,0,0
Adult8,I-VT filter,BottomLeft.jpg,12871,24,Fixation,117,496,811,658.04,658.04,0,0
Adult8,I-VT filter,BottomLeft.jpg,12875,24,Fixation,117,496,821,657.69,657.69,0,0
Adult8,I-VT filter,BottomLeft.jpg,12878,24,Fixation,117,497,805,657.89,657.89,0,0
Adult8,I-VT filter,BottomLeft.jpg,12881,,Saccade,3,486,804,657.88,657.88,0,0
Adult8,I-VT filter,BottomLeft.jpg,12885,,Unclassified,17,489,815,658.5,658.5,0,0
Adult8,I-VT filter,BottomLeft.jpg,12888,,Unclassified,17,497,815,658.27,658.27,0,0
Adult8,I-VT filter,BottomLeft.jpg,12891,,Unclassified,17,486,768,659.02,659.02,0,0
Adult8,I-VT filter,BottomLeft.jpg,12895,,Unclassified,17,496,806,658.93,658.93,0,0
Adult8,I-VT filter,BottomLeft.jpg,12898,,Unclassified,17,489,807,659.33,659.33,0,0
Adult8,I-VT filter,BottomLeft.jpg,12901,,Saccade,3,487,794,659.83,659.83,0,0
Adult8,I-VT filter,BottomLeft.jpg,12904,,Unclassified,43,501,821,659.96,659.96,0,0
Adult8,I-VT filter,BottomLeft.jpg,12908,,Unclassified,43,498,809,660.34,660.34,0,0
Adult8,I-VT filter,BottomLeft.jpg,12911,,Unclassified,43,492,808,659.64,659.64,0,0
Adult8,I-VT filter,BottomLeft.jpg,12915,,Unclassified,43,492,807,659.92,659.92,0,0
Adult8,I-VT filter,BottomLeft.jpg,12918,,Unclassified,43,487,801,659.93,659.93,0,0
Adult8,I-VT filter,BottomLeft.jpg,12921,,Unclassified,43,489,804,659.65,659.65,0,0
Adult8,I-VT filter,BottomLeft.jpg,12925,,Unclassified,43,494,808,660.05,660.05,0,0
Adult8,I-VT filter,BottomLeft.jpg,12928,,Unclassified,43,488,816,659.63,659.63,0,0
Adult8,I-VT filter,BottomLeft.jpg,12931,,Unclassified,43,498,820,659.24,659.24,0,0
Adult8,I-VT filter,BottomLeft.jpg,12934,,Unclassified,43,493,814,659.57,659.57,0,0
Adult8,I-VT filter,BottomLeft.jpg,12938,,Unclassified,43,486,815,658.89,658.89,0,0
Adult8,I-VT filter,BottomLeft.jpg,12941,,Unclassified,43,492,818,658.99,658.99,0,0
Adult8,I-VT filter,BottomLeft.jpg,12945,,Unclassified,43,491,813,659.09,659.09,0,0
Adult8,I-VT filter,BottomLeft.jpg,12948,,Saccade,3,496,820,658.81,658.81,0,0
Adult8,I-VT filter,BottomLeft.jpg,12951,,Unclassified,20,487,812,658.39,658.39,0,0
Adult8,I-VT filter,BottomLeft.jpg,12955,,Unclassified,20,490,812,659.01,659.01,0,0
Adult8,I-VT filter,BottomLeft.jpg,12958,,Unclassified,20,486,790,658.74,658.74,0,0
Adult8,I-VT filter,BottomLeft.jpg,12961,,Unclassified,20,498,808,658.64,658.64,0,0
Adult8,I-VT filter,BottomLeft.jpg,12964,,Unclassified,20,496,820,658.39,658.39,0,0
Adult8,I-VT filter,BottomLeft.jpg,12968,,Unclassified,20,490,807,658.66,658.66,0,0
Adult8,I-VT filter,BottomLeft.jpg,12971,,Saccade,3,486,805,659.02,659.02,0,0
Adult8,I-VT filter,BottomLeft.jpg,12974,,Unclassified,17,495,816,658.67,658.67,0,0
Adult8,I-VT filter,BottomLeft.jpg,12978,,Unclassified,17,493,806,658.94,658.94,0,0
Adult8,I-VT filter,BottomLeft.jpg,12981,,Unclassified,17,503,833,658.76,658.76,0,0
Adult8,I-VT filter,BottomLeft.jpg,12985,,Unclassified,17,497,826,658.54,658.54,0,0
Adult8,I-VT filter,BottomLeft.jpg,12988,,Unclassified,17,493,817,658.8,658.8,0,0
Adult8,I-VT filter,BottomLeft.jpg,12991,,Saccade,7,488,819,658.74,658.74,0,0
Adult8,I-VT filter,BottomLeft.jpg,12994,,Saccade,7,497,810,658.97,658.97,0,0
Adult8,I-VT filter,BottomLeft.jpg,12998,,Unclassified,10,491,809,658.92,658.92,0,0
Adult8,I-VT filter,BottomLeft.jpg,13001,,Unclassified,10,489,809,658.89,658.89,0,0
Adult8,I-VT filter,BottomLeft.jpg,13004,,Unclassified,10,492,798,659.13,659.13,0,0
Adult8,I-VT filter,BottomLeft.jpg,13008,,Saccade,3,487,812,659.21,659.21,0,0
Adult8,I-VT filter,BottomLeft.jpg,13011,,Unclassified,43,484,799,659.17,659.17,0,0
Adult8,I-VT filter,BottomLeft.jpg,13015,,Unclassified,43,492,814,659.03,659.03,0,0
Adult8,I-VT filter,BottomLeft.jpg,13018,,Unclassified,43,491,785,659.19,659.19,0,0
Adult8,I-VT filter,BottomLeft.jpg,13021,,Unclassified,43,489,799,659.82,659.82,0,0
Adult8,I-VT filter,BottomLeft.jpg,13025,,Unclassified,43,484,798,659.35,659.35,0,0
Adult8,I-VT filter,BottomLeft.jpg,13028,,Unclassified,43,490,812,659.31,659.31,0,0
Adult8,I-VT filter,BottomLeft.jpg,13031,,Unclassified,43,494,812,659.8,659.8,0,0
Adult8,I-VT filter,BottomLeft.jpg,13034,,Unclassified,43,489,811,659.3,659.3,0,0
Adult8,I-VT filter,BottomLeft.jpg,13038,,Unclassified,43,486,799,659.31,659.31,0,0
Adult8,I-VT filter,BottomLeft.jpg,13041,,Unclassified,43,495,813,659.09,659.09,0,0
Adult8,I-VT filter,BottomLeft.jpg,13044,,Unclassified,43,483,797,659.73,659.73,0,0
Adult8,I-VT filter,BottomLeft.jpg,13048,,Unclassified,43,485,812,659.41,659.41,0,0
Adult8,I-VT filter,BottomLeft.jpg,13051,,Unclassified,43,495,816,659.71,659.71,0,0
Adult8,I-VT filter,BottomLeft.jpg,13055,,Saccade,3,490,806,659.43,659.43,0,0
Adult8,I-VT filter,BottomLeft.jpg,13058,,Unclassified,23,493,817,659.38,659.38,0,0
Adult8,I-VT filter,BottomLeft.jpg,13061,,Unclassified,23,496,823,660,660,0,0
Adult8,I-VT filter,BottomLeft.jpg,13064,,Unclassified,23,497,818,659.5,659.5,0,0
Adult8,I-VT filter,BottomLeft.jpg,13068,,Unclassified,23,489,816,659.59,659.59,0,0
Adult8,I-VT filter,BottomLeft.jpg,13071,,Unclassified,23,488,819,659.91,659.91,0,0
Adult8,I-VT filter,BottomLeft.jpg,13074,,Unclassified,23,490,816,659.85,659.85,0,0
Adult8,I-VT filter,BottomLeft.jpg,13078,,Unclassified,23,479,814,659.72,659.72,0,0
Adult8,I-VT filter,BottomLeft.jpg,13081,,Saccade,3,495,809,659.72,659.72,0,0
Adult8,I-VT filter,BottomLeft.jpg,13085,,Unclassified,17,492,815,659.52,659.52,0,0
Adult8,I-VT filter,BottomLeft.jpg,13088,,Unclassified,17,490,806,659.96,659.96,0,0
Adult8,I-VT filter,BottomLeft.jpg,13091,,Unclassified,17,484,788,659.85,659.85,0,0
Adult8,I-VT filter,BottomLeft.jpg,13094,,Unclassified,17,494,820,659.71,659.71,0,0
Adult8,I-VT filter,BottomLeft.jpg,13098,,Unclassified,17,491,809,659.41,659.41,0,0
Adult8,I-VT filter,BottomLeft.jpg,13101,,Saccade,3,488,821,659.75,659.75,0,0
Adult8,I-VT filter,BottomLeft.jpg,13104,25,Fixation,77,487,813,659.91,659.91,0,0
Adult8,I-VT filter,BottomLeft.jpg,13108,25,Fixation,77,489,807,659.71,659.71,0,0
Adult8,I-VT filter,BottomLeft.jpg,13111,25,Fixation,77,491,812,659.49,659.49,0,0
Adult8,I-VT filter,BottomLeft.jpg,13114,25,Fixation,77,478,806,659.85,659.85,0,0
Adult8,I-VT filter,BottomLeft.jpg,13118,25,Fixation,77,485,810,659.59,659.59,0,0
Adult8,I-VT filter,BottomLeft.jpg,13121,25,Fixation,77,487,812,659.86,659.86,0,0
Adult8,I-VT filter,BottomLeft.jpg,13125,25,Fixation,77,492,802,659.46,659.46,0,0
Adult8,I-VT filter,BottomLeft.jpg,13128,25,Fixation,77,493,820,659.7,659.7,0,0
Adult8,I-VT filter,BottomLeft.jpg,13131,25,Fixation,77,488,813,659.77,659.77,0,0
Adult8,I-VT filter,BottomLeft.jpg,13134,25,Fixation,77,491,816,659.61,659.61,0,0
Adult8,I-VT filter,BottomLeft.jpg,13138,25,Fixation,77,482,813,660.08,660.08,0,0
Adult8,I-VT filter,BottomLeft.jpg,13141,25,Fixation,77,491,811,659.87,659.87,0,0
Adult8,I-VT filter,BottomLeft.jpg,13144,25,Fixation,77,492,814,659.51,659.51,0,0
Adult8,I-VT filter,BottomLeft.jpg,13148,25,Fixation,77,486,815,659.44,659.44,0,0
Adult8,I-VT filter,BottomLeft.jpg,13151,25,Fixation,77,485,818,659.6,659.6,0,0
Adult8,I-VT filter,BottomLeft.jpg,13155,25,Fixation,77,488,822,660.11,660.11,0,0
Adult8,I-VT filter,BottomLeft.jpg,13158,25,Fixation,77,492,814,659.98,659.98,0,0
Adult8,I-VT filter,BottomLeft.jpg,13161,25,Fixation,77,488,816,660.19,660.19,0,0
Adult8,I-VT filter,BottomLeft.jpg,13164,25,Fixation,77,482,806,659.48,659.48,0,0
Adult8,I-VT filter,BottomLeft.jpg,13168,25,Fixation,77,489,824,659.58,659.58,0,0
Adult8,I-VT filter,BottomLeft.jpg,13171,25,Fixation,77,496,823,660.12,660.12,0,0
Adult8,I-VT filter,BottomLeft.jpg,13174,25,Fixation,77,486,809,659.77,659.77,0,0
Adult8,I-VT filter,BottomLeft.jpg,13178,25,Fixation,77,481,804,660.07,660.07,0,0
Adult8,I-VT filter,BottomLeft.jpg,13181,,Saccade,3,490,817,659.99,659.99,0,0
Adult8,I-VT filter,BottomLeft.jpg,13184,,Unclassified,17,491,812,659.64,659.64,0,0
Adult8,I-VT filter,BottomLeft.jpg,13188,,Unclassified,17,494,813,659.71,659.71,0,0
Adult8,I-VT filter,BottomLeft.jpg,13191,,Unclassified,17,484,787,659.94,659.94,0,0
Adult8,I-VT filter,BottomLeft.jpg,13194,,Unclassified,17,494,827,659.67,659.67,0,0
Adult8,I-VT filter,BottomLeft.jpg,13198,,Unclassified,17,494,819,660.4,660.4,0,0
Adult8,I-VT filter,BottomLeft.jpg,13201,,Saccade,3,495,828,660.12,660.12,0,0
Adult8,I-VT filter,BottomLeft.jpg,13204,,Unclassified,3,492,816,660.42,660.42,0,0
Adult8,I-VT filter,BottomLeft.jpg,13208,,Saccade,3,492,814,660.34,660.34,0,0
Adult8,I-VT filter,BottomLeft.jpg,13211,,Unclassified,17,492,827,659.94,659.94,0,0
Adult8,I-VT filter,BottomLeft.jpg,13214,,Unclassified,17,497,816,660.4,660.4,0,0
Adult8,I-VT filter,BottomLeft.jpg,13218,,Unclassified,17,483,796,660.36,660.36,0,0
Adult8,I-VT filter,BottomLeft.jpg,13221,,Unclassified,17,492,809,660.31,660.31,0,0
Adult8,I-VT filter,BottomLeft.jpg,13225,,Unclassified,17,487,797,660.13,660.13,0,0
Adult8,I-VT filter,BottomLeft.jpg,13228,,Saccade,3,495,811,659.81,659.81,0,0
Adult8,I-VT filter,BottomLeft.jpg,13231,,Unclassified,17,484,813,660.09,660.09,0,0
Adult8,I-VT filter,BottomLeft.jpg,13234,,Unclassified,17,491,821,660.26,660.26,0,0
Adult8,I-VT filter,BottomLeft.jpg,13238,,Unclassified,17,501,828,660.03,660.03,0,0
Adult8,I-VT filter,BottomLeft.jpg,13241,,Unclassified,17,482,804,660.4,660.4,0,0
Adult8,I-VT filter,BottomLeft.jpg,13244,,Unclassified,17,491,814,659.97,659.97,0,0
Adult8,I-VT filter,BottomLeft.jpg,13248,,Saccade,3,490,821,659.7,659.7,0,0
Adult8,I-VT filter,BottomLeft.jpg,13251,,Unclassified,20,491,820,660.14,660.14,0,0
Adult8,I-VT filter,BottomLeft.jpg,13254,,Unclassified,20,489,825,661.58,661.58,0,0
Adult8,I-VT filter,BottomLeft.jpg,13258,,Unclassified,20,487,808,661.36,661.36,0,0
Adult8,I-VT filter,BottomLeft.jpg,13261,,Unclassified,20,488,820,661.65,661.65,0,0
Adult8,I-VT filter,BottomLeft.jpg,13264,,Unclassified,20,486,801,661.65,661.65,0,0
Adult8,I-VT filter,BottomLeft.jpg,13268,,Unclassified,20,489,814,662.03,662.03,0,0
Adult8,I-VT filter,BottomLeft.jpg,13271,,Saccade,3,487,819,661.88,661.88,0,0
Adult8,I-VT filter,BottomLeft.jpg,13274,26,Fixation,93,483,817,662.3,662.3,0,0
Adult8,I-VT filter,BottomLeft.jpg,13278,26,Fixation,93,488,823,662.34,662.34,0,0
Adult8,I-VT filter,BottomLeft.jpg,13281,26,Fixation,93,482,797,662.1,662.1,0,0
Adult8,I-VT filter,BottomLeft.jpg,13284,26,Fixation,93,490,813,662.67,662.67,0,0
Adult8,I-VT filter,BottomLeft.jpg,13288,26,Fixation,93,489,809,662.21,662.21,0,0
Adult8,I-VT filter,BottomLeft.jpg,13291,26,Fixation,93,491,821,662.15,662.15,0,0
Adult8,I-VT filter,BottomLeft.jpg,13294,26,Fixation,93,487,826,662.5,662.5,0,0
Adult8,I-VT filter,BottomLeft.jpg,13298,26,Fixation,93,486,813,661.69,661.69,0,0
Adult8,I-VT filter,BottomLeft.jpg,13301,26,Fixation,93,476,812,661.76,661.76,0,0
Adult8,I-VT filter,BottomLeft.jpg,13304,26,Fixation,93,494,812,661.52,661.52,0,0
Adult8,I-VT filter,BottomLeft.jpg,13308,26,Fixation,93,483,821,660.67,660.67,0,0
Adult8,I-VT filter,BottomLeft.jpg,13311,26,Fixation,93,490,811,661.23,661.23,0,0
Adult8,I-VT filter,BottomLeft.jpg,13314,26,Fixation,93,492,822,661.36,661.36,0,0
Adult8,I-VT filter,BottomLeft.jpg,13318,26,Fixation,93,489,820,660.9,660.9,0,0
Adult8,I-VT filter,BottomLeft.jpg,13321,26,Fixation,93,487,811,660.8,660.8,0,0
Adult8,I-VT filter,BottomLeft.jpg,13325,26,Fixation,93,480,805,660.7,660.7,0,0
Adult8,I-VT filter,BottomLeft.jpg,13328,26,Fixation,93,490,815,660.37,660.37,0,0
Adult8,I-VT filter,BottomLeft.jpg,13331,26,Fixation,93,490,823,660.62,660.62,0,0
Adult8,I-VT filter,BottomLeft.jpg,13334,26,Fixation,93,487,809,660.34,660.34,0,0
Adult8,I-VT filter,BottomLeft.jpg,13338,26,Fixation,93,492,821,660.69,660.69,0,0
Adult8,I-VT filter,BottomLeft.jpg,13341,26,Fixation,93,488,803,660.39,660.39,0,0
Adult8,I-VT filter,BottomLeft.jpg,13344,26,Fixation,93,495,822,660.24,660.24,0,0
Adult8,I-VT filter,BottomLeft.jpg,13348,26,Fixation,93,490,821,660.15,660.15,0,0
Adult8,I-VT filter,BottomLeft.jpg,13351,26,Fixation,93,488,813,660.6,660.6,0,0
Adult8,I-VT filter,BottomLeft.jpg,13354,26,Fixation,93,489,820,661.04,661.04,0,0
Adult8,I-VT filter,BottomLeft.jpg,13358,26,Fixation,93,490,837,660.47,660.47,0,0
Adult8,I-VT filter,BottomLeft.jpg,13361,26,Fixation,93,488,822,660.76,660.76,0,0
Adult8,I-VT filter,BottomLeft.jpg,13364,26,Fixation,93,490,820,660.19,660.19,0,0
Adult8,I-VT filter,BottomLeft.jpg,13368,,Saccade,3,495,814,660.12,660.12,0,0
Adult8,I-VT filter,BottomLeft.jpg,13371,27,Fixation,83,493,822,661.36,661.36,0,0
Adult8,I-VT filter,BottomLeft.jpg,13374,27,Fixation,83,486,823,660.9,660.9,0,0
Adult8,I-VT filter,BottomLeft.jpg,13378,27,Fixation,83,488,809,660.17,660.17,0,0
Adult8,I-VT filter,BottomLeft.jpg,13381,27,Fixation,83,494,824,660.35,660.35,0,0
Adult8,I-VT filter,BottomLeft.jpg,13384,27,Fixation,83,487,821,660.38,660.38,0,0
Adult8,I-VT filter,BottomLeft.jpg,13388,27,Fixation,83,489,815,661.42,661.42,0,0
Adult8,I-VT filter,BottomLeft.jpg,13391,27,Fixation,83,483,816,661.55,661.55,0,0
Adult8,I-VT filter,BottomLeft.jpg,13394,27,Fixation,83,494,824,661.34,661.34,0,0
Adult8,I-VT filter,BottomLeft.jpg,13398,27,Fixation,83,485,820,661.83,661.83,0,0
Adult8,I-VT filter,BottomLeft.jpg,13401,27,Fixation,83,494,821,662.08,662.08,0,0
Adult8,I-VT filter,BottomLeft.jpg,13404,27,Fixation,83,488,824,660.5,660.5,0,0
Adult8,I-VT filter,BottomLeft.jpg,13408,27,Fixation,83,484,821,660.48,660.48,0,0
Adult8,I-VT filter,BottomLeft.jpg,13411,27,Fixation,83,479,816,660.49,660.49,0,0
Adult8,I-VT filter,BottomLeft.jpg,13414,27,Fixation,83,486,816,660.5,660.5,0,0
Adult8,I-VT filter,BottomLeft.jpg,13418,27,Fixation,83,486,820,660.86,660.86,0,0
Adult8,I-VT filter,BottomLeft.jpg,13421,27,Fixation,83,483,812,660.6,660.6,0,0
Adult8,I-VT filter,BottomLeft.jpg,13424,27,Fixation,83,489,814,660.77,660.77,0,0
Adult8,I-VT filter,BottomLeft.jpg,13428,27,Fixation,83,499,813,660.67,660.67,0,0
Adult8,I-VT filter,BottomLeft.jpg,13431,27,Fixation,83,487,823,660.61,660.61,0,0
Adult8,I-VT filter,BottomLeft.jpg,13434,27,Fixation,83,492,815,660.98,660.98,0,0
Adult8,I-VT filter,BottomLeft.jpg,13438,27,Fixation,83,490,832,660.86,660.86,0,0
Adult8,I-VT filter,BottomLeft.jpg,13441,27,Fixation,83,494,816,660.69,660.69,0,0
Adult8,I-VT filter,BottomLeft.jpg,13444,27,Fixation,83,483,794,660.7,660.7,0,0
Adult8,I-VT filter,BottomLeft.jpg,13448,27,Fixation,83,492,824,660.34,660.34,0,0
Adult8,I-VT filter,BottomLeft.jpg,13451,27,Fixation,83,498,821,660.76,660.76,0,0
Adult8,I-VT filter,BottomLeft.jpg,13454,,Saccade,3,491,824,660.28,660.28,0,0
Adult8,I-VT filter,BottomLeft.jpg,13458,,Unclassified,43,493,815,660.38,660.38,0,0
Adult8,I-VT filter,BottomLeft.jpg,13461,,Unclassified,43,481,802,660.77,660.77,0,0
Adult8,I-VT filter,BottomLeft.jpg,13464,,Unclassified,43,488,824,662.27,662.27,0,0
Adult8,I-VT filter,BottomLeft.jpg,13468,,Unclassified,43,493,822,662.36,662.36,0,0
Adult8,I-VT filter,BottomLeft.jpg,13471,,Unclassified,43,495,823,662.48,662.48,0,0
Adult8,I-VT filter,BottomLeft.jpg,13474,,Unclassified,43,484,803,660.42,660.42,0,0
Adult8,I-VT filter,BottomLeft.jpg,13478,,Unclassified,43,485,817,660.53,660.53,0,0
Adult8,I-VT filter,BottomLeft.jpg,13481,,Unclassified,43,488,823,662.36,662.36,0,0
Adult8,I-VT filter,BottomLeft.jpg,13484,,Unclassified,43,482,810,660.63,660.63,0,0
Adult8,I-VT filter,BottomLeft.jpg,13488,,Unclassified,43,492,820,660.89,660.89,0,0
Adult8,I-VT filter,BottomLeft.jpg,13491,,Unclassified,43,486,819,660.79,660.79,0,0
Adult8,I-VT filter,BottomLeft.jpg,13494,,Unclassified,43,477,793,660.8,660.8,0,0
Adult8,I-VT filter,BottomLeft.jpg,13498,,Unclassified,43,480,805,661.05,661.05,0,0
Adult8,I-VT filter,BottomLeft.jpg,13501,,Saccade,7,485,812,661.17,661.17,0,0
Adult8,I-VT filter,BottomLeft.jpg,13504,,Saccade,7,494,813,660.49,660.49,0,0
Adult8,I-VT filter,BottomLeft.jpg,13508,,Unclassified,40,483,805,660.8,660.8,0,0
Adult8,I-VT filter,BottomLeft.jpg,13511,,Unclassified,40,490,795,660.96,660.96,0,0
Adult8,I-VT filter,BottomLeft.jpg,13514,,Unclassified,40,486,819,661.15,661.15,0,0
Adult8,I-VT filter,BottomLeft.jpg,13518,,Unclassified,40,490,811,661.35,661.35,0,0
Adult8,I-VT filter,BottomLeft.jpg,13521,,Unclassified,40,492,817,661.27,661.27,0,0
Adult8,I-VT filter,BottomLeft.jpg,13524,,Unclassified,40,479,802,661.2,661.2,0,0
Adult8,I-VT filter,BottomLeft.jpg,13528,,Unclassified,40,482,807,661.42,661.42,0,0
Adult8,I-VT filter,BottomLeft.jpg,13531,,Unclassified,40,493,801,661.64,661.64,0,0
Adult8,I-VT filter,BottomLeft.jpg,13534,,Unclassified,40,497,810,661.7,661.7,0,0
Adult8,I-VT filter,BottomLeft.jpg,13538,,Unclassified,40,488,807,661.71,661.71,0,0
Adult8,I-VT filter,BottomLeft.jpg,13541,,Unclassified,40,494,808,661.42,661.42,0,0
Adult8,I-VT filter,BottomLeft.jpg,13544,,Unclassified,40,492,793,661.92,661.92,0,0
Adult8,I-VT filter,BottomLeft.jpg,13548,,Saccade,3,483,814,661.36,661.36,0,0
Adult8,I-VT filter,BottomLeft.jpg,13551,,Unclassified,10,499,793,661.99,661.99,0,0
Adult8,I-VT filter,BottomLeft.jpg,13554,,Unclassified,10,497,806,662,662,0,0
Adult8,I-VT filter,BottomLeft.jpg,13558,,Unclassified,10,492,833,662.03,662.03,0,0
Adult8,I-VT filter,BottomLeft.jpg,13561,,Saccade,7,499,805,662.25,662.25,0,0
Adult8,I-VT filter,BottomLeft.jpg,13564,,Saccade,7,498,800,662.81,662.81,0,0
Adult8,I-VT filter,BottomLeft.jpg,13568,,Unclassified,3,496,817,662.59,662.59,0,0
Adult8,I-VT filter,BottomLeft.jpg,13571,,Saccade,7,489,823,662.23,662.23,0,0
Adult8,I-VT filter,BottomLeft.jpg,13574,,Saccade,7,492,832,662.5,662.5,0,0
Adult8,I-VT filter,BottomLeft.jpg,13578,,Unclassified,33,487,816,662.21,662.21,0,0
Adult8,I-VT filter,BottomLeft.jpg,13581,,Unclassified,33,495,834,662.24,662.24,0,0
Adult8,I-VT filter,BottomLeft.jpg,13584,,Unclassified,33,486,822,662.51,662.51,0,0
Adult8,I-VT filter,BottomLeft.jpg,13588,,Unclassified,33,485,812,662.39,662.39,0,0
Adult8,I-VT filter,BottomLeft.jpg,13591,,Unclassified,33,484,806,662.13,662.13,0,0
Adult8,I-VT filter,BottomLeft.jpg,13594,,Unclassified,33,487,819,661.82,661.82,0,0
Adult8,I-VT filter,BottomLeft.jpg,13598,,Unclassified,33,483,816,661.72,661.72,0,0
Adult8,I-VT filter,BottomLeft.jpg,13601,,Unclassified,33,493,827,662.35,662.35,0,0
Adult8,I-VT filter,BottomLeft.jpg,13604,,Unclassified,33,493,820,662.17,662.17,0,0
Adult8,I-VT filter,BottomLeft.jpg,13608,,Unclassified,33,492,822,662.71,662.71,0,0
Adult8,I-VT filter,BottomLeft.jpg,13611,,Saccade,3,482,809,662.28,662.28,0,0
Adult8,I-VT filter,BottomLeft.jpg,13614,,Unclassified,37,486,811,662.64,662.64,0,0
Adult8,I-VT filter,BottomLeft.jpg,13618,,Unclassified,37,480,795,662.35,662.35,0,0
Adult8,I-VT filter,BottomLeft.jpg,13621,,Unclassified,37,486,802,662.45,662.45,0,0
Adult8,I-VT filter,BottomLeft.jpg,13624,,Unclassified,37,492,816,661.89,661.89,0,0
Adult8,I-VT filter,BottomLeft.jpg,13628,,Unclassified,37,484,814,662.18,662.18,0,0
Adult8,I-VT filter,BottomLeft.jpg,13631,,Unclassified,37,486,800,661.94,661.94,0,0
Adult8,I-VT filter,BottomLeft.jpg,13634,,Unclassified,37,481,800,662.49,662.49,0,0
Adult8,I-VT filter,BottomLeft.jpg,13638,,Unclassified,37,476,793,661.72,661.72,0,0
Adult8,I-VT filter,BottomLeft.jpg,13641,,Unclassified,37,481,787,662.09,662.09,0,0
Adult8,I-VT filter,BottomLeft.jpg,13644,,Unclassified,37,484,812,662.57,662.57,0,0
Adult8,I-VT filter,BottomLeft.jpg,13648,,Unclassified,37,484,803,661.89,661.89,0,0
Adult8,I-VT filter,BottomLeft.jpg,13651,,Saccade,3,481,797,662.46,662.46,0,0
Adult8,I-VT filter,BottomLeft.jpg,13654,,Unclassified,13,489,808,662.12,662.12,0,0
Adult8,I-VT filter,BottomLeft.jpg,13658,,Unclassified,13,476,796,662.49,662.49,0,0
Adult8,I-VT filter,BottomLeft.jpg,13661,,Unclassified,13,478,813,661.88,661.88,0,0
Adult8,I-VT filter,BottomLeft.jpg,13664,,Unclassified,13,479,797,662.38,662.38,0,0
Adult8,I-VT filter,BottomLeft.jpg,13668,,Saccade,3,479,787,662.37,662.37,0,0
Adult8,I-VT filter,BottomLeft.jpg,13671,,Unclassified,7,489,797,662.31,662.31,0,0
Adult8,I-VT filter,BottomLeft.jpg,13674,,Unclassified,7,484,795,662.4,662.4,0,0
Adult8,I-VT filter,BottomLeft.jpg,13678,,Saccade,3,495,812,661.95,661.95,0,0
Adult8,I-VT filter,BottomLeft.jpg,13681,28,Fixation,143,484,808,662.55,662.55,0,0
Adult8,I-VT filter,BottomLeft.jpg,13684,28,Fixation,143,492,807,662.09,662.09,0,0
Adult8,I-VT filter,BottomLeft.jpg,13688,28,Fixation,143,492,807,662.02,662.02,0,0
Adult8,I-VT filter,BottomLeft.jpg,13691,28,Fixation,143,492,809,661.98,661.98,0,0
Adult8,I-VT filter,BottomLeft.jpg,13694,28,Fixation,143,487,808,661.52,661.52,0,0
Adult8,I-VT filter,BottomLeft.jpg,13698,28,Fixation,143,489,812,662.12,662.12,0,0
Adult8,I-VT filter,BottomLeft.jpg,13701,28,Fixation,143,486,803,661.77,661.77,0,0
Adult8,I-VT filter,BottomLeft.jpg,13704,28,Fixation,143,490,813,661.61,661.61,0,0
Adult8,I-VT filter,BottomLeft.jpg,13708,28,Fixation,143,483,799,661.97,661.97,0,0
Adult8,I-VT filter,BottomLeft.jpg,13711,28,Fixation,143,487,812,661.39,661.39,0,0
Adult8,I-VT filter,BottomLeft.jpg,13714,28,Fixation,143,481,791,661.67,661.67,0,0
Adult8,I-VT filter,BottomLeft.jpg,13718,28,Fixation,143,486,799,661.81,661.81,0,0
Adult8,I-VT filter,BottomLeft.jpg,13721,28,Fixation,143,485,799,661.62,661.62,0,0
Adult8,I-VT filter,BottomLeft.jpg,13724,28,Fixation,143,496,821,661.77,661.77,0,0
Adult8,I-VT filter,BottomLeft.jpg,13728,28,Fixation,143,491,807,661.63,661.63,0,0
Adult8,I-VT filter,BottomLeft.jpg,13731,28,Fixation,143,485,812,661.92,661.92,0,0
Adult8,I-VT filter,BottomLeft.jpg,13734,28,Fixation,143,491,812,661.12,661.12,0,0
Adult8,I-VT filter,BottomLeft.jpg,13738,28,Fixation,143,491,808,661.61,661.61,0,0
Adult8,I-VT filter,BottomLeft.jpg,13741,28,Fixation,143,487,793,661.23,661.23,0,0
Adult8,I-VT filter,BottomLeft.jpg,13744,28,Fixation,143,493,810,661.62,661.62,0,0
Adult8,I-VT filter,BottomLeft.jpg,13748,28,Fixation,143,482,802,661.57,661.57,0,0
Adult8,I-VT filter,BottomLeft.jpg,13751,28,Fixation,143,494,816,661.67,661.67,0,0
Adult8,I-VT filter,BottomLeft.jpg,13754,28,Fixation,143,495,798,663.15,663.15,0,0
Adult8,I-VT filter,BottomLeft.jpg,13758,28,Fixation,143,491,812,663.04,663.04,0,0
Adult8,I-VT filter,BottomLeft.jpg,13761,28,Fixation,143,496,809,663.22,663.22,0,0
Adult8,I-VT filter,BottomLeft.jpg,13764,28,Fixation,143,492,807,663.1,663.1,0,0
Adult8,I-VT filter,BottomLeft.jpg,13768,28,Fixation,143,492,802,663.4,663.4,0,0
Adult8,I-VT filter,BottomLeft.jpg,13771,28,Fixation,143,494,806,663.67,663.67,0,0
Adult8,I-VT filter,BottomLeft.jpg,13774,28,Fixation,143,488,798,663.45,663.45,0,0
Adult8,I-VT filter,BottomLeft.jpg,13778,28,Fixation,143,494,810,663.68,663.68,0,0
Adult8,I-VT filter,BottomLeft.jpg,13781,28,Fixation,143,496,810,663.71,663.71,0,0
Adult8,I-VT filter,BottomLeft.jpg,13784,28,Fixation,143,492,803,663.64,663.64,0,0
Adult8,I-VT filter,BottomLeft.jpg,13788,28,Fixation,143,491,792,663.63,663.63,0,0
Adult8,I-VT filter,BottomLeft.jpg,13791,28,Fixation,143,489,811,662.35,662.35,0,0
Adult8,I-VT filter,BottomLeft.jpg,13794,28,Fixation,143,482,809,662.43,662.43,0,0
Adult8,I-VT filter,BottomLeft.jpg,13798,28,Fixation,143,489,816,662.73,662.73,0,0
Adult8,I-VT filter,BottomLeft.jpg,13801,28,Fixation,143,489,816,662.64,662.64,0,0
Adult8,I-VT filter,BottomLeft.jpg,13804,28,Fixation,143,480,815,662.14,662.14,0,0
Adult8,I-VT filter,BottomLeft.jpg,13808,28,Fixation,143,482,806,662.99,662.99,0,0
Adult8,I-VT filter,BottomLeft.jpg,13811,28,Fixation,143,485,806,663.01,663.01,0,0
Adult8,I-VT filter,BottomLeft.jpg,13814,28,Fixation,143,488,816,663.1,663.1,0,0
Adult8,I-VT filter,BottomLeft.jpg,13818,28,Fixation,143,480,813,663.01,663.01,0,0
Adult8,I-VT filter,BottomLeft.jpg,13821,28,Fixation,143,479,802,663.73,663.73,0,0
Adult8,I-VT filter,BottomLeft.jpg,13824,,Saccade,3,492,815,663.55,663.55,0,0
Adult8,I-VT filter,BottomLeft.jpg,13828,,Unclassified,47,481,794,664.16,664.16,0,0
Adult8,I-VT filter,BottomLeft.jpg,13831,,Unclassified,47,488,812,663.86,663.86,0,0
Adult8,I-VT filter,BottomLeft.jpg,13834,,Unclassified,47,486,786,663.8,663.8,0,0
Adult8,I-VT filter,BottomLeft.jpg,13838,,Unclassified,47,490,806,663.85,663.85,0,0
Adult8,I-VT filter,BottomLeft.jpg,13841,,Unclassified,47,487,801,663.42,663.42,0,0
Adult8,I-VT filter,BottomLeft.jpg,13844,,Unclassified,47,489,805,664.23,664.23,0,0
Adult8,I-VT filter,BottomLeft.jpg,13848,,Unclassified,47,483,803,663.72,663.72,0,0
Adult8,I-VT filter,BottomLeft.jpg,13851,,Unclassified,47,484,813,663.81,663.81,0,0
Adult8,I-VT filter,BottomLeft.jpg,13854,,Unclassified,47,488,802,663.81,663.81,0,0
Adult8,I-VT filter,BottomLeft.jpg,13858,,Unclassified,47,484,814,662.92,662.92,0,0
Adult8,I-VT filter,BottomLeft.jpg,13861,,Unclassified,47,483,811,662.7,662.7,0,0
Adult8,I-VT filter,BottomLeft.jpg,13864,,Unclassified,47,498,810,662.44,662.44,0,0
Adult8,I-VT filter,BottomLeft.jpg,13868,,Unclassified,47,491,820,663.14,663.14,0,0
Adult8,I-VT filter,BottomLeft.jpg,13871,,Unclassified,47,490,830,662.63,662.63,0,0
Adult8,I-VT filter,BottomLeft.jpg,13874,,Saccade,3,493,820,662.11,662.11,0,0
Adult8,I-VT filter,BottomLeft.jpg,13878,,Unclassified,17,490,808,662.12,662.12,0,0
Adult8,I-VT filter,BottomLeft.jpg,13881,,Unclassified,17,496,813,662.11,662.11,0,0
Adult8,I-VT filter,BottomLeft.jpg,13884,,Unclassified,17,496,833,662.13,662.13,0,0
Adult8,I-VT filter,BottomLeft.jpg,13888,,Unclassified,17,485,804,662.4,662.4,0,0
Adult8,I-VT filter,BottomLeft.jpg,13891,,Unclassified,17,489,827,661.72,661.72,0,0
Adult8,I-VT filter,BottomLeft.jpg,13894,,Saccade,3,486,809,662.13,662.13,0,0
Adult8,I-VT filter,BottomLeft.jpg,13898,,Unclassified,3,478,815,662.08,662.08,0,0
Adult8,I-VT filter,BottomLeft.jpg,13901,,Saccade,3,490,812,662.48,662.48,0,0
Adult8,I-VT filter,BottomLeft.jpg,13904,,Unclassified,17,493,808,661.9,661.9,0,0
Adult8,I-VT filter,BottomLeft.jpg,13908,,Unclassified,17,487,816,662.17,662.17,0,0
Adult8,I-VT filter,BottomLeft.jpg,13911,,Unclassified,17,481,799,662.25,662.25,0,0
Adult8,I-VT filter,BottomLeft.jpg,13914,,Unclassified,17,481,801,662.16,662.16,0,0
Adult8,I-VT filter,BottomLeft.jpg,13918,,Unclassified,17,486,809,662.15,662.15,0,0
Adult8,I-VT filter,BottomLeft.jpg,13921,,Saccade,3,481,803,661.82,661.82,0,0
Adult8,I-VT filter,BottomLeft.jpg,13924,,Unclassified,50,481,797,661.74,661.74,0,0
Adult8,I-VT filter,BottomLeft.jpg,13928,,Unclassified,50,486,813,662.25,662.25,0,0
Adult8,I-VT filter,BottomLeft.jpg,13931,,Unclassified,50,488,820,662.02,662.02,0,0
Adult8,I-VT filter,BottomLeft.jpg,13934,,Unclassified,50,482,812,662.01,662.01,0,0
Adult8,I-VT filter,BottomLeft.jpg,13938,,Unclassified,50,480,805,662.56,662.56,0,0
Adult8,I-VT filter,BottomLeft.jpg,13941,,Unclassified,50,482,810,662.22,662.22,0,0
Adult8,I-VT filter,BottomLeft.jpg,13944,,Unclassified,50,489,809,662.58,662.58,0,0
Adult8,I-VT filter,BottomLeft.jpg,13948,,Unclassified,50,494,817,663.3,663.3,0,0
Adult8,I-VT filter,BottomLeft.jpg,13951,,Unclassified,50,496,812,662.7,662.7,0,0
Adult8,I-VT filter,BottomLeft.jpg,13954,,Unclassified,50,490,825,662.77,662.77,0,0
Adult8,I-VT filter,BottomLeft.jpg,13958,,Unclassified,50,484,806,664.51,664.51,0,0
Adult8,I-VT filter,BottomLeft.jpg,13961,,Unclassified,50,489,813,664.53,664.53,0,0
Adult8,I-VT filter,BottomLeft.jpg,13964,,Unclassified,50,478,798,663.93,663.93,0,0
Adult8,I-VT filter,BottomLeft.jpg,13968,,Unclassified,50,494,818,664.08,664.08,0,0
Adult8,I-VT filter,BottomLeft.jpg,13971,,Unclassified,50,499,810,663.95,663.95,0,0
Adult8,I-VT filter,BottomLeft.jpg,13974,,Saccade,3,484,819,663.38,663.38,0,0
Adult8,I-VT filter,BottomLeft.jpg,13978,,Unclassified,27,487,816,663.42,663.42,0,0
Adult8,I-VT filter,BottomLeft.jpg,13981,,Unclassified,27,489,807,663.25,663.25,0,0
Adult8,I-VT filter,BottomLeft.jpg,13984,,Unclassified,27,484,822,663.53,663.53,0,0
Adult8,I-VT filter,BottomLeft.jpg,13988,,Unclassified,27,489,818,663.06,663.06,0,0
Adult8,I-VT filter,BottomLeft.jpg,13991,,Unclassified,27,486,816,662.49,662.49,0,0
Adult8,I-VT filter,BottomLeft.jpg,13994,,Unclassified,27,477,800,662.77,662.77,0,0
Adult8,I-VT filter,BottomLeft.jpg,13998,,Unclassified,27,482,797,662.41,662.41,0,0
Adult8,I-VT filter,BottomLeft.jpg,14001,,Unclassified,27,475,810,662.68,662.68,0,0
Adult8,I-VT filter,BottomLeft.jpg,14004,,Saccade,7,487,802,661.76,661.76,0,0
Adult8,I-VT filter,BottomLeft.jpg,14008,,Saccade,7,485,809,662.51,662.51,0,0
Adult8,I-VT filter,BottomLeft.jpg,14011,,Unclassified,13,483,801,662.39,662.39,0,0
Adult8,I-VT filter,BottomLeft.jpg,14014,,Unclassified,13,488,824,662.12,662.12,0,0
Adult8,I-VT filter,BottomLeft.jpg,14018,,Unclassified,13,491,820,662.57,662.57,0,0
Adult8,I-VT filter,BottomLeft.jpg,14021,,Unclassified,13,479,790,662.33,662.33,0,0
Adult8,I-VT filter,BottomLeft.jpg,14024,,Saccade,3,494,824,662.58,662.58,0,0
Adult8,I-VT filter,BottomLeft.jpg,14028,,Unclassified,10,482,795,663.2,663.2,0,0
Adult8,I-VT filter,BottomLeft.jpg,14031,,Unclassified,10,490,816,663.33,663.33,0,0
Adult8,I-VT filter,BottomLeft.jpg,14034,,Unclassified,10,480,800,663.44,663.44,0,0
Adult8,I-VT filter,BottomLeft.jpg,14038,,Saccade,3,484,827,663.65,663.65,0,0
Adult8,I-VT filter,BottomLeft.jpg,14041,,Unclassified,57,482,808,663.67,663.67,0,0
Adult8,I-VT filter,BottomLeft.jpg,14044,,Unclassified,57,495,818,664.09,664.09,0,0
Adult8,I-VT filter,BottomLeft.jpg,14048,,Unclassified,57,492,818,663.97,663.97,0,0
Adult8,I-VT filter,BottomLeft.jpg,14051,,Unclassified,57,486,803,664.19,664.19,0,0
Adult8,I-VT filter,BottomLeft.jpg,14054,,Unclassified,57,488,806,664.26,664.26,0,0
Adult8,I-VT filter,BottomLeft.jpg,14058,,Unclassified,57,484,809,664.55,664.55,0,0
Adult8,I-VT filter,BottomLeft.jpg,14061,,Unclassified,57,486,803,664.56,664.56,0,0
Adult8,I-VT filter,BottomLeft.jpg,14064,,Unclassified,57,490,810,664.13,664.13,0,0
Adult8,I-VT filter,BottomLeft.jpg,14068,,Unclassified,57,485,805,663.96,663.96,0,0
Adult8,I-VT filter,BottomLeft.jpg,14071,,Unclassified,57,488,814,663.43,663.43,0,0
Adult8,I-VT filter,BottomLeft.jpg,14074,,Unclassified,57,485,812,663.17,663.17,0,0
Adult8,I-VT filter,BottomLeft.jpg,14078,,Unclassified,57,491,822,663.13,663.13,0,0
Adult8,I-VT filter,BottomLeft.jpg,14081,,Unclassified,57,488,798,662.86,662.86,0,0
Adult8,I-VT filter,BottomLeft.jpg,14084,,Unclassified,57,484,812,662.07,662.07,0,0
Adult8,I-VT filter,BottomLeft.jpg,14088,,Unclassified,57,473,799,662.57,662.57,0,0
Adult8,I-VT filter,BottomLeft.jpg,14091,,Unclassified,57,479,812,662.27,662.27,0,0
Adult8,I-VT filter,BottomLeft.jpg,14094,,Unclassified,57,480,810,663.01,663.01,0,0
Adult8,I-VT filter,BottomLeft.jpg,14098,,Saccade,3,490,817,662.97,662.97,0,0
Adult8,I-VT filter,BottomLeft.jpg,14101,,Unclassified,13,482,798,662.41,662.41,0,0
Adult8,I-VT filter,BottomLeft.jpg,14104,,Unclassified,13,485,829,662.55,662.55,0,0
Adult8,I-VT filter,BottomLeft.jpg,14108,,Unclassified,13,487,820,662.42,662.42,0,0
Adult8,I-VT filter,BottomLeft.jpg,14111,,Unclassified,13,485,819,661.45,661.45,0,0
Adult8,I-VT filter,BottomLeft.jpg,14114,,Saccade,3,482,820,662.03,662.03,0,0
Adult8,I-VT filter,BottomLeft.jpg,14118,,Unclassified,20,480,815,661.95,661.95,0,0
Adult8,I-VT filter,BottomLeft.jpg,14121,,Unclassified,20,480,799,662.57,662.57,0,0
Adult8,I-VT filter,BottomLeft.jpg,14124,,Unclassified,20,478,800,661.82,661.82,0,0
Adult8,I-VT filter,BottomLeft.jpg,14128,,Unclassified,20,480,831,661.76,661.76,0,0
Adult8,I-VT filter,BottomLeft.jpg,14131,,Unclassified,20,481,823,661.86,661.86,0,0
Adult8,I-VT filter,BottomLeft.jpg,14134,,Unclassified,20,487,822,662.04,662.04,0,0
Adult8,I-VT filter,BottomLeft.jpg,14138,,Saccade,3,486,819,662.08,662.08,0,0
Adult8,I-VT filter,BottomLeft.jpg,14141,,Unclassified,13,481,803,661.77,661.77,0,0
Adult8,I-VT filter,BottomLeft.jpg,14144,,Unclassified,13,476,801,662.35,662.35,0,0
Adult8,I-VT filter,BottomLeft.jpg,14148,,Unclassified,13,473,797,662.16,662.16,0,0
Adult8,I-VT filter,BottomLeft.jpg,14151,,Unclassified,13,484,810,662.42,662.42,0,0
Adult8,I-VT filter,BottomLeft.jpg,14154,,Saccade,3,483,811,662.93,662.93,0,0
Adult8,I-VT filter,BottomLeft.jpg,14158,29,Fixation,187,479,817,662.06,662.06,0,0
Adult8,I-VT filter,BottomLeft.jpg,14161,29,Fixation,187,489,822,662.81,662.81,0,0
Adult8,I-VT filter,BottomLeft.jpg,14164,29,Fixation,187,490,828,662.97,662.97,0,0
Adult8,I-VT filter,BottomLeft.jpg,14168,29,Fixation,187,482,811,663.19,663.19,0,0
Adult8,I-VT filter,BottomLeft.jpg,14171,29,Fixation,187,487,816,663.58,663.58,0,0
Adult8,I-VT filter,,14174,29,Fixation,187,482,809,663.28,663.28,0,0
Adult8,I-VT filter,,14178,29,Fixation,187,482,813,663.24,663.24,0,0
Adult8,I-VT filter,,14181,29,Fixation,187,483,820,663.64,663.64,0,0
Adult8,I-VT filter,,14184,29,Fixation,187,480,813,663.8,663.8,0,0
Adult8,I-VT filter,,14188,29,Fixation,187,486,820,663.65,663.65,0,0
Adult8,I-VT filter,,14191,29,Fixation,187,485,800,664.08,664.08,0,0
Adult8,I-VT filter,,14194,29,Fixation,187,499,820,661.65,661.65,0,0
Adult8,I-VT filter,,14198,29,Fixation,187,498,805,661.55,661.55,0,0
Adult8,I-VT filter,,14201,29,Fixation,187,492,807,661.42,661.42,0,0
Adult8,I-VT filter,,14204,29,Fixation,187,502,816,661.25,661.25,0,0
Adult8,I-VT filter,,14208,29,Fixation,187,499,811,661.35,661.35,0,0
Adult8,I-VT filter,,14211,29,Fixation,187,503,800,661.37,661.37,0,0
Adult8,I-VT filter,,14214,29,Fixation,187,498,800,661.45,661.45,0,0
Adult8,I-VT filter,,14218,29,Fixation,187,503,801,661.43,661.43,0,0
Adult8,I-VT filter,,14221,29,Fixation,187,490,801,661.55,661.55,0,0
Adult8,I-VT filter,,14224,29,Fixation,187,499,798,661.1,661.1,0,0
Adult8,I-VT filter,,14228,29,Fixation,187,494,794,661.28,661.28,0,0
Adult8,I-VT filter,,14231,29,Fixation,187,488,807,663.29,663.29,0,0
Adult8,I-VT filter,,14234,29,Fixation,187,496,813,662.74,662.74,0,0
Adult8,I-VT filter,,14238,29,Fixation,187,486,816,662.43,662.43,0,0
Adult8,I-VT filter,,14241,29,Fixation,187,483,802,662.44,662.44,0,0
Adult8,I-VT filter,,14244,29,Fixation,187,489,808,662.68,662.68,0,0
Adult8,I-VT filter,,14248,29,Fixation,187,487,815,662.87,662.87,0,0
Adult8,I-VT filter,,14251,29,Fixation,187,490,825,662.51,662.51,0,0
Adult8,I-VT filter,,14254,29,Fixation,187,491,822,662.77,662.77,0,0
Adult8,I-VT filter,,14258,29,Fixation,187,490,803,662.52,662.52,0,0
Adult8,I-VT filter,,14261,29,Fixation,187,495,816,662.56,662.56,0,0
Adult8,I-VT filter,,14264,29,Fixation,187,493,822,662.34,662.34,0,0
Adult8,I-VT filter,,14268,29,Fixation,187,491,805,660.52,660.52,0,0
Adult8,I-VT filter,,14271,29,Fixation,187,503,817,661.27,661.27,0,0
Adult8,I-VT filter,,14274,29,Fixation,187,490,817,661.31,661.31,0,0
Adult8,I-VT filter,,14278,29,Fixation,187,491,821,660.52,660.52,0,0
Adult8,I-VT filter,,14281,29,Fixation,187,502,813,660.54,660.54,0,0
Adult8,I-VT filter,,14284,29,Fixation,187,495,812,660.47,660.47,0,0
Adult8,I-VT filter,,14288,29,Fixation,187,498,815,660.62,660.62,0,0
Adult8,I-VT filter,,14291,29,Fixation,187,496,804,660.82,660.82,0,0
Adult8,I-VT filter,,14294,29,Fixation,187,497,811,660.93,660.93,0,0
Adult8,I-VT filter,,14298,29,Fixation,187,493,809,661.06,661.06,0,0
Adult8,I-VT filter,,14301,29,Fixation,187,491,811,661.74,661.74,0,0
Adult8,I-VT filter,,14304,29,Fixation,187,495,825,662.25,662.25,0,0
Adult8,I-VT filter,,14308,29,Fixation,187,487,808,661.97,661.97,0,0
Adult8,I-VT filter,,14311,29,Fixation,187,483,800,660.98,660.98,0,0
Adult8,I-VT filter,,14314,29,Fixation,187,487,798,661.71,661.71,0,0
Adult8,I-VT filter,,14318,29,Fixation,187,484,815,661.8,661.8,0,0
Adult8,I-VT filter,,14321,29,Fixation,187,490,810,661.7,661.7,0,0
Adult8,I-VT filter,,14324,29,Fixation,187,487,814,661.87,661.87,0,0
Adult8,I-VT filter,,14328,29,Fixation,187,483,802,661.92,661.92,0,0
Adult8,I-VT filter,,14331,29,Fixation,187,483,801,661.87,661.87,0,0
Adult8,I-VT filter,,14334,29,Fixation,187,483,815,661.76,661.76,0,0
Adult8,I-VT filter,,14338,29,Fixation,187,490,826,661.34,661.34,0,0
Adult8,I-VT filter,,14341,29,Fixation,187,495,814,662.45,662.45,0,0
Adult8,I-VT filter,,14344,,Saccade,7,498,795,662.46,662.46,0,0
Adult8,I-VT filter,,14348,,Saccade,7,501,808,662.38,662.38,0,0
Adult8,I-VT filter,,14351,,Unclassified,10,503,791,662.03,662.03,0,0
Adult8,I-VT filter,,14354,,Unclassified,10,500,792,662.37,662.37,0,0
Adult8,I-VT filter,,14358,,Unclassified,10,504,799,661.66,661.66,0,0
Adult8,I-VT filter,,14361,,Saccade,3,487,808,662.11,662.11,0,0
Adult8,I-VT filter,,14364,,Unclassified,17,497,802,661.69,661.69,0,0
Adult8,I-VT filter,,14368,,Unclassified,17,497,807,661.81,661.81,0,0
Adult8,I-VT filter,,14371,,Unclassified,17,492,816,662.33,662.33,0,0
Adult8,I-VT filter,,14374,,Unclassified,17,496,809,661.78,661.78,0,0
Adult8,I-VT filter,,14378,,Unclassified,17,487,803,662.62,662.62,0,0
Adult8,I-VT filter,,14381,,Saccade,3,481,812,662.08,662.08,0,0
Adult8,I-VT filter,,14384,,Unclassified,20,480,807,662.89,662.89,0,0
Adult8,I-VT filter,,14388,,Unclassified,20,484,798,662.38,662.38,0,0
Adult8,I-VT filter,,14391,,Unclassified,20,486,793,662.86,662.86,0,0
Adult8,I-VT filter,,14394,,Unclassified,20,482,823,662.93,662.93,0,0
Adult8,I-VT filter,,14398,,Unclassified,20,493,799,662.67,662.67,0,0
Adult8,I-VT filter,,14401,,Unclassified,20,488,815,662.94,662.94,0,0
Adult8,I-VT filter,,14404,,Saccade,3,483,824,662.89,662.89,0,0
Adult8,I-VT filter,,14408,,Unclassified,3,491,818,662.73,662.73,0,0
Adult8,I-VT filter,,14411,,Saccade,3,477,806,663.01,663.01,0,0
Adult8,I-VT filter,,14414,,Unclassified,13,480,789,662.37,662.37,0,0
Adult8,I-VT filter,,14418,,Unclassified,13,488,813,662.87,662.87,0,0
Adult8,I-VT filter,,14421,,Unclassified,13,482,789,663.41,663.41,0,0
Adult8,I-VT filter,,14424,,Unclassified,13,478,812,663.08,663.08,0,0
Adult8,I-VT filter,,14428,,Saccade,3,482,822,663.15,663.15,0,0
Adult8,I-VT filter,,14431,,Unclassified,27,489,809,663.36,663.36,0,0
Adult8,I-VT filter,,14434,,Unclassified,27,488,809,663.57,663.57,0,0
Adult8,I-VT filter,,14438,,Unclassified,27,482,789,663.66,663.66,0,0
Adult8,I-VT filter,,14441,,Unclassified,27,481,805,664.28,664.28,0,0
Adult8,I-VT filter,,14444,,Unclassified,27,475,807,663.55,663.55,0,0
Adult8,I-VT filter,,14448,,Unclassified,27,479,819,663.89,663.89,0,0
Adult8,I-VT filter,,14451,,Unclassified,27,491,814,664.28,664.28,0,0
Adult8,I-VT filter,,14454,,Unclassified,27,481,789,665.56,665.56,0,0
Adult8,I-VT filter,,14458,,Saccade,3,485,805,664.8,664.8,0,0
Adult8,I-VT filter,,14461,,Unclassified,37,481,798,664.13,664.13,0,0
Adult8,I-VT filter,,14464,,Unclassified,37,492,803,663.63,663.63,0,0
Adult8,I-VT filter,,14468,,Unclassified,37,482,795,663.49,663.49,0,0
Adult8,I-VT filter,,14471,,Unclassified,37,487,803,661.73,661.73,0,0
Adult8,I-VT filter,,14474,,Unclassified,37,485,802,661.23,661.23,0,0
Adult8,I-VT filter,,14478,,Unclassified,37,496,800,660.42,660.42,0,0
Adult8,I-VT filter,,14481,,Unclassified,37,492,801,660,660,0,0
Adult8,I-VT filter,,14484,,Unclassified,37,497,814,659.61,659.61,0,0
Adult8,I-VT filter,,14488,,Unclassified,37,490,795,663.79,663.79,0,0
Adult8,I-VT filter,,14491,,Unclassified,37,489,813,664.47,664.47,0,0
Adult8,I-VT filter,,14494,,Unclassified,37,490,815,663.41,663.41,0,0
Adult8,I-VT filter,,14498,,Saccade,33,491,808,663.4,663.4,0,0
Adult8,I-VT filter,,14501,,Saccade,33,496,810,663.05,663.05,0,0
Adult8,I-VT filter,,14504,,Saccade,33,495,810,662.8,662.8,0,0
Adult8,I-VT filter,,14508,,Saccade,33,512,822,664.12,664.12,0,0
Adult8,I-VT filter,,14511,,Saccade,33,523,805,663.66,663.66,0,0
Adult8,I-VT filter,,14514,,Saccade,33,543,789,661.73,661.73,0,0
Adult8,I-VT filter,,14518,,Saccade,33,556,775,665.72,665.72,0,0
Adult8,I-VT filter,,14521,,Saccade,33,570,750,664.39,664.39,0,0
Adult8,I-VT filter,,14524,,Saccade,33,581,746,664.5,664.5,0,0
Adult8,I-VT filter,,14528,,Saccade,33,598,733,664.82,664.82,0,0
Adult8,I-VT filter,,14531,,Unclassified,10,609,736,664.23,664.23,0,0
Adult8,I-VT filter,,14534,,Unclassified,10,604,747,664.96,664.96,0,0
Adult8,I-VT filter,,14538,,Unclassified,10,652,739,667.48,,0,4
Adult8,I-VT filter,,14541,,Unclassified,170,,,,,4,4
Adult8,I-VT filter,,14544,,Unclassified,170,,,,,4,4
Adult8,I-VT filter,,14548,,Unclassified,170,,,,,4,4
Adult8,I-VT filter,,14551,,Unclassified,170,,,,,4,4
Adult8,I-VT filter,,14554,,Unclassified,170,,,,,4,4
Adult8,I-VT filter,,14558,,Unclassified,170,,,,,4,4
Adult8,I-VT filter,,14561,,Unclassified,170,,,,,4,4
Adult8,I-VT filter,,14564,,Unclassified,170,,,,,4,4
Adult8,I-VT filter,,14568,,Unclassified,170,,,,,4,4
Adult8,I-VT filter,,14571,,Unclassified,170,,,,,4,4
Adult8,I-VT filter,,14574,,Unclassified,170,,,,,4,4
Adult8,I-VT filter,,14578,,Unclassified,170,,,,,4,4
Adult8,I-VT filter,,14581,,Unclassified,170,,,,,4,4
Adult8,I-VT filter,,14584,,Unclassified,170,,,,,4,4
Adult8,I-VT filter,,14588,,Unclassified,170,,,,,4,4
Adult8,I-VT filter,,14591,,Unclassified,170,,,,,4,4
Adult8,I-VT filter,,14594,,Unclassified,170,,,,,4,4
Adult8,I-VT filter,,14598,,Unclassified,170,,,,,4,4
Adult8,I-VT filter,,14601,,Unclassified,170,,,,,4,4
Adult8,I-VT filter,,14604,,Unclassified,170,,,,,4,4
Adult8,I-VT filter,,14608,,Unclassified,170,,,,,4,4
Adult8,I-VT filter,,14611,,Unclassified,170,,,,,4,4
Adult8,I-VT filter,,14614,,Unclassified,170,,,,,4,4
Adult8,I-VT filter,,14618,,Unclassified,170,,,,,4,4
Adult8,I-VT filter,,14621,,Unclassified,170,,,,,4,4
Adult8,I-VT filter,,14624,,Unclassified,170,,,,,4,4
Adult8,I-VT filter,,14628,,Unclassified,170,,,,,4,4
Adult8,I-VT filter,,14631,,Unclassified,170,,,,,4,4
Adult8,I-VT filter,,14634,,Unclassified,170,,,,,4,4
Adult8,I-VT filter,,14638,,Unclassified,170,,,,,4,4
Adult8,I-VT filter,,14641,,Unclassified,170,,,,,4,4
Adult8,I-VT filter,,14644,,Unclassified,170,,,,,4,4
Adult8,I-VT filter,,14648,,Unclassified,170,,,,,4,4
Adult8,I-VT filter,,14651,,Unclassified,170,,,,,4,4
Adult8,I-VT filter,,14654,,Unclassified,170,,,,,4,4
Adult8,I-VT filter,,14658,,Unclassified,170,,,,,4,4
Adult8,I-VT filter,,14661,,Unclassified,170,,,,,4,4
Adult8,I-VT filter,,14664,,Unclassified,170,,,,,4,4
Adult8,I-VT filter,,14668,,Unclassified,170,,,,,4,4
Adult8,I-VT filter,,14671,,Unclassified,170,,,,,4,4
Adult8,I-VT filter,,14674,,Unclassified,170,,,,,4,4
Adult8,I-VT filter,,14678,,Unclassified,170,,,,,4,4
Adult8,I-VT filter,,14681,,Unclassified,170,,,,,4,4
Adult8,I-VT filter,,14684,,Unclassified,170,,,,,4,4
Adult8,I-VT filter,,14688,,Unclassified,170,,,,,4,4
Adult8,I-VT filter,,14691,,Unclassified,170,,,,,4,4
Adult8,I-VT filter,,14694,,Unclassified,170,,,,,4,4
Adult8,I-VT filter,,14698,,Unclassified,170,,,,,4,4
Adult8,I-VT filter,,14701,,Unclassified,170,,,,,4,4
Adult8,I-VT filter,,14704,,Unclassified,170,,,,,4,4
Adult8,I-VT filter,,14708,,Unclassified,170,,,,,4,4
Adult8,I-VT filter,,14711,,Unclassified,10,869,570,663.69,663.69,0,0
Adult8,I-VT filter,,14714,,Unclassified,10,855,575,663.65,663.65,0,0
Adult8,I-VT filter,,14718,,Unclassified,10,,,,,4,4
Adult8,I-VT filter,,14721,30,Fixation,667,,,,,4,4
Adult8,I-VT filter,,14724,30,Fixation,667,,,,,4,4
Adult8,I-VT filter,,14728,30,Fixation,667,920,571,658.36,658.36,3,1
Adult8,I-VT filter,,14731,30,Fixation,667,910,573,650.44,650.44,1,3
Adult8,I-VT filter,,14734,30,Fixation,667,859,592,664.89,664.89,0,0
Adult8,I-VT filter,,14738,30,Fixation,667,866,588,664.36,664.36,0,0
Adult8,I-VT filter,,14741,30,Fixation,667,859,589,664.72,664.72,0,0
Adult8,I-VT filter,,14744,30,Fixation,667,867,589,664.5,664.5,0,0
Adult8,I-VT filter,,14748,30,Fixation,667,869,587,664.58,664.58,0,0
Adult8,I-VT filter,,14751,30,Fixation,667,863,596,664.54,664.54,0,0
Adult8,I-VT filter,,14754,30,Fixation,667,863,595,664.23,664.23,0,0
Adult8,I-VT filter,,14758,30,Fixation,667,865,584,664.56,664.56,0,0
Adult8,I-VT filter,,14761,30,Fixation,667,870,587,664.31,664.31,0,0
Adult8,I-VT filter,,14764,30,Fixation,667,870,585,664.25,664.25,0,0
Adult8,I-VT filter,,14768,30,Fixation,667,861,588,663.66,663.66,0,0
Adult8,I-VT filter,,14771,30,Fixation,667,865,592,663.77,663.77,0,0
Adult8,I-VT filter,,14774,30,Fixation,667,864,582,664,664,0,0
Adult8,I-VT filter,,14778,30,Fixation,667,864,585,663.43,663.43,0,0
Adult8,I-VT filter,,14781,30,Fixation,667,870,589,663.69,663.69,0,0
Adult8,I-VT filter,,14784,30,Fixation,667,863,581,663.92,663.92,0,0
Adult8,I-VT filter,,14788,30,Fixation,667,864,589,664.17,664.17,0,0
Adult8,I-VT filter,,14791,30,Fixation,667,862,580,664.2,664.2,0,0
Adult8,I-VT filter,,14794,30,Fixation,667,870,584,664.31,664.31,0,0
Adult8,I-VT filter,,14798,30,Fixation,667,863,579,664.36,664.36,0,0
Adult8,I-VT filter,,14801,30,Fixation,667,865,585,664.77,664.77,0,0
Adult8,I-VT filter,,14804,30,Fixation,667,868,579,664.84,664.84,0,0
Adult8,I-VT filter,,14808,30,Fixation,667,867,587,664.82,664.82,0,0
Adult8,I-VT filter,,14811,30,Fixation,667,868,581,664.44,664.44,0,0
Adult8,I-VT filter,,14814,30,Fixation,667,867,584,664.84,664.84,0,0
Adult8,I-VT filter,,14818,30,Fixation,667,863,585,664.7,664.7,0,0
Adult8,I-VT filter,,14821,30,Fixation,667,862,584,664.65,664.65,0,0
Adult8,I-VT filter,,14824,30,Fixation,667,869,581,664.91,664.91,0,0
Adult8,I-VT filter,,14828,30,Fixation,667,860,581,664.48,664.48,0,0
Adult8,I-VT filter,,14831,30,Fixation,667,862,582,665,665,0,0
Adult8,I-VT filter,,14834,30,Fixation,667,868,584,664.89,664.89,0,0
Adult8,I-VT filter,,14838,30,Fixation,667,864,583,664.85,664.85,0,0
Adult8,I-VT filter,,14841,30,Fixation,667,865,588,664.73,664.73,0,0
Adult8,I-VT filter,,14844,30,Fixation,667,871,585,665.13,665.13,0,0
Adult8,I-VT filter,,14848,30,Fixation,667,861,587,664.19,664.19,0,0
Adult8,I-VT filter,,14851,30,Fixation,667,871,580,664.77,664.77,0,0
Adult8,I-VT filter,,14854,30,Fixation,667,869,576,664.39,664.39,0,0
Adult8,I-VT filter,,14858,30,Fixation,667,869,588,664.52,664.52,0,0
Adult8,I-VT filter,,14861,30,Fixation,667,865,582,664.5,664.5,0,0
Adult8,I-VT filter,,14864,30,Fixation,667,868,580,664.54,664.54,0,0
Adult8,I-VT filter,,14868,30,Fixation,667,864,582,664.04,664.04,0,0
Adult8,I-VT filter,,14871,30,Fixation,667,867,584,663.99,663.99,0,0
Adult8,I-VT filter,,14874,30,Fixation,667,865,581,664.13,664.13,0,0
Adult8,I-VT filter,,14878,30,Fixation,667,864,578,663.52,663.52,0,0
Adult8,I-VT filter,,14881,30,Fixation,667,863,580,663.28,663.28,0,0
Adult8,I-VT filter,,14884,30,Fixation,667,859,581,664.04,664.04,0,0
Adult8,I-VT filter,,14887,30,Fixation,667,858,583,663.97,663.97,0,0
Adult8,I-VT filter,,14891,30,Fixation,667,865,575,664.75,664.75,0,0
Adult8,I-VT filter,,14894,30,Fixation,667,870,582,664.75,664.75,0,0
Adult8,I-VT filter,,14898,30,Fixation,667,868,580,665.08,665.08,0,0
Adult8,I-VT filter,,14901,30,Fixation,667,860,576,664.9,664.9,0,0
Adult8,I-VT filter,,14904,30,Fixation,667,865,575,664.45,664.45,0,0
Adult8,I-VT filter,,14908,30,Fixation,667,865,579,664.82,664.82,0,0
Adult8,I-VT filter,,14911,30,Fixation,667,856,577,664.47,664.47,0,0
Adult8,I-VT filter,,14914,30,Fixation,667,858,575,665.34,665.34,0,0
Adult8,I-VT filter,,14918,30,Fixation,667,869,582,665.35,665.35,0,0
Adult8,I-VT filter,,14921,30,Fixation,667,864,572,664.8,664.8,0,0
Adult8,I-VT filter,,14924,30,Fixation,667,869,583,664.81,664.81,0,0
Adult8,I-VT filter,,14928,30,Fixation,667,867,580,664.97,664.97,0,0
Adult8,I-VT filter,,14931,30,Fixation,667,852,574,664.19,664.19,0,0
Adult8,I-VT filter,,14934,30,Fixation,667,862,583,664.64,664.64,0,0
Adult8,I-VT filter,,14938,30,Fixation,667,860,582,663.98,663.98,0,0
Adult8,I-VT filter,,14941,30,Fixation,667,865,581,664.52,664.52,0,0
Adult8,I-VT filter,,14944,30,Fixation,667,874,574,664.92,664.92,0,0
Adult8,I-VT filter,,14948,30,Fixation,667,861,584,664.78,664.78,0,0
Adult8,I-VT filter,,14951,30,Fixation,667,866,579,664.07,664.07,0,0
Adult8,I-VT filter,,14954,30,Fixation,667,862,572,664.4,664.4,0,0
Adult8,I-VT filter,,14957,30,Fixation,667,864,579,663.71,663.71,0,0
Adult8,I-VT filter,,14961,30,Fixation,667,865,570,664.2,664.2,0,0
Adult8,I-VT filter,,14964,30,Fixation,667,866,582,664.39,664.39,0,0
Adult8,I-VT filter,,14968,30,Fixation,667,870,571,664.02,664.02,0,0
Adult8,I-VT filter,,14971,30,Fixation,667,861,580,664.15,664.15,0,0
Adult8,I-VT filter,,14974,30,Fixation,667,869,574,664.34,664.34,0,0
Adult8,I-VT filter,,14978,30,Fixation,667,864,580,663.89,663.89,0,0
Adult8,I-VT filter,,14981,30,Fixation,667,862,574,663.7,663.7,0,0
Adult8,I-VT filter,,14984,30,Fixation,667,865,575,663.4,663.4,0,0
Adult8,I-VT filter,,14988,30,Fixation,667,862,574,663.26,663.26,0,0
Adult8,I-VT filter,,14991,30,Fixation,667,859,574,663.51,663.51,0,0
Adult8,I-VT filter,,14994,30,Fixation,667,859,577,663.84,663.84,0,0
Adult8,I-VT filter,,14998,30,Fixation,667,860,578,662.99,662.99,0,0
Adult8,I-VT filter,,15001,30,Fixation,667,861,579,663.26,663.26,0,0
Adult8,I-VT filter,,15004,30,Fixation,667,857,577,662.98,662.98,0,0
Adult8,I-VT filter,,15008,30,Fixation,667,865,583,662.91,662.91,0,0
Adult8,I-VT filter,,15011,30,Fixation,667,861,584,663.48,663.48,0,0
Adult8,I-VT filter,,15014,30,Fixation,667,867,580,663.62,663.62,0,0
Adult8,I-VT filter,,15017,30,Fixation,667,866,583,663.21,663.21,0,0
Adult8,I-VT filter,,15021,30,Fixation,667,862,584,663.07,663.07,0,0
Adult8,I-VT filter,,15024,30,Fixation,667,865,582,662.84,662.84,0,0
Adult8,I-VT filter,,15027,30,Fixation,667,868,567,663.66,663.66,0,0
Adult8,I-VT filter,,15031,30,Fixation,667,863,577,663.83,663.83,0,0
Adult8,I-VT filter,,15034,30,Fixation,667,861,583,664.32,664.32,0,0
Adult8,I-VT filter,,15038,30,Fixation,667,861,580,664.25,664.25,0,0
Adult8,I-VT filter,,15041,30,Fixation,667,860,581,664.29,664.29,0,0
Adult8,I-VT filter,,15044,30,Fixation,667,861,571,665.18,665.18,0,0
Adult8,I-VT filter,,15047,30,Fixation,667,855,575,664.46,664.46,0,0
Adult8,I-VT filter,,15051,30,Fixation,667,863,572,665.08,665.08,0,0
Adult8,I-VT filter,,15054,30,Fixation,667,864,584,664.78,664.78,0,0
Adult8,I-VT filter,,15057,30,Fixation,667,868,567,664.95,664.95,0,0
Adult8,I-VT filter,,15061,30,Fixation,667,865,575,665.11,665.11,0,0
Adult8,I-VT filter,,15064,30,Fixation,667,868,580,664.78,664.78,0,0
Adult8,I-VT filter,,15068,30,Fixation,667,865,571,664.9,664.9,0,0
Adult8,I-VT filter,,15071,30,Fixation,667,861,581,664.72,664.72,0,0
Adult8,I-VT filter,,15074,30,Fixation,667,863,576,664.62,664.62,0,0
Adult8,I-VT filter,,15078,30,Fixation,667,861,575,664.26,664.26,0,0
Adult8,I-VT filter,,15081,30,Fixation,667,867,573,664.05,664.05,0,0
Adult8,I-VT filter,,15084,30,Fixation,667,863,580,664.21,664.21,0,0
Adult8,I-VT filter,,15087,30,Fixation,667,868,577,663.96,663.96,0,0
Adult8,I-VT filter,,15091,30,Fixation,667,861,571,664.06,664.06,0,0
Adult8,I-VT filter,,15094,30,Fixation,667,857,570,664.1,664.1,0,0
Adult8,I-VT filter,,15097,30,Fixation,667,859,575,664.3,664.3,0,0
Adult8,I-VT filter,,15101,30,Fixation,667,866,579,664.34,664.34,0,0
Adult8,I-VT filter,,15104,30,Fixation,667,866,582,663.65,663.65,0,0
Adult8,I-VT filter,,15108,30,Fixation,667,868,579,663.52,663.52,0,0
Adult8,I-VT filter,,15111,30,Fixation,667,866,571,664.01,664.01,0,0
Adult8,I-VT filter,,15114,30,Fixation,667,869,575,663.41,663.41,0,0
Adult8,I-VT filter,,15117,30,Fixation,667,865,574,663.83,663.83,0,0
Adult8,I-VT filter,,15121,30,Fixation,667,863,573,663.05,663.05,0,0
Adult8,I-VT filter,,15124,30,Fixation,667,865,574,663.08,663.08,0,0
Adult8,I-VT filter,,15127,30,Fixation,667,864,579,662.9,662.9,0,0
Adult8,I-VT filter,,15131,30,Fixation,667,870,576,663.17,663.17,0,0
Adult8,I-VT filter,,15134,30,Fixation,667,868,576,663.55,663.55,0,0
Adult8,I-VT filter,,15138,30,Fixation,667,862,575,662.96,662.96,0,0
Adult8,I-VT filter,,15141,30,Fixation,667,863,574,663.47,663.47,0,0
Adult8,I-VT filter,,15144,30,Fixation,667,861,575,663.82,663.82,0,0
Adult8,I-VT filter,,15147,30,Fixation,667,866,576,663.71,663.71,0,0
Adult8,I-VT filter,,15151,30,Fixation,667,867,581,663.93,663.93,0,0
Adult8,I-VT filter,,15154,30,Fixation,667,867,572,663.65,663.65,0,0
Adult8,I-VT filter,,15157,30,Fixation,667,863,575,664.78,664.78,0,0
Adult8,I-VT filter,,15161,30,Fixation,667,863,578,664.96,664.96,0,0
Adult8,I-VT filter,,15164,30,Fixation,667,868,575,664.59,664.59,0,0
Adult8,I-VT filter,,15167,30,Fixation,667,868,569,664.67,664.67,0,0
Adult8,I-VT filter,,15171,30,Fixation,667,868,573,664.48,664.48,0,0
Adult8,I-VT filter,,15174,30,Fixation,667,865,579,664.43,664.43,0,0
Adult8,I-VT filter,,15178,30,Fixation,667,864,575,664.97,664.97,0,0
Adult8,I-VT filter,,15181,30,Fixation,667,869,572,664.72,664.72,0,0
Adult8,I-VT filter,,15184,30,Fixation,667,869,566,664.94,664.94,0,0
Adult8,I-VT filter,,15187,30,Fixation,667,859,575,664.48,664.48,0,0
Adult8,I-VT filter,,15191,30,Fixation,667,862,576,664.62,664.62,0,0
Adult8,I-VT filter,,15194,30,Fixation,667,864,569,664.95,664.95,0,0
Adult8,I-VT filter,,15197,30,Fixation,667,868,572,664.97,664.97,0,0
Adult8,I-VT filter,,15201,30,Fixation,667,868,573,665.29,665.29,0,0
Adult8,I-VT filter,,15204,30,Fixation,667,868,569,665.11,665.11,0,0
Adult8,I-VT filter,,15208,30,Fixation,667,871,574,665.19,665.19,0,0
Adult8,I-VT filter,,15211,30,Fixation,667,872,577,665.42,665.42,0,0
Adult8,I-VT filter,,15214,30,Fixation,667,874,579,665.53,665.53,0,0
Adult8,I-VT filter,,15217,30,Fixation,667,866,572,665.57,665.57,0,0
Adult8,I-VT filter,,15221,30,Fixation,667,875,580,665.04,665.04,0,0
Adult8,I-VT filter,,15224,30,Fixation,667,869,580,665.22,665.22,0,0
Adult8,I-VT filter,,15227,30,Fixation,667,867,577,665.1,665.1,0,0
Adult8,I-VT filter,,15231,30,Fixation,667,870,579,665.22,665.22,0,0
Adult8,I-VT filter,,15234,30,Fixation,667,873,573,665.44,665.44,0,0
Adult8,I-VT filter,,15237,30,Fixation,667,871,581,664.9,664.9,0,0
Adult8,I-VT filter,,15241,30,Fixation,667,868,574,665.27,665.27,0,0
Adult8,I-VT filter,,15244,30,Fixation,667,871,579,665.59,665.59,0,0
Adult8,I-VT filter,,15247,30,Fixation,667,867,575,665.65,665.65,0,0
Adult8,I-VT filter,,15251,30,Fixation,667,870,588,665.85,665.85,0,0
Adult8,I-VT filter,,15254,30,Fixation,667,875,582,665.54,665.54,0,0
Adult8,I-VT filter,,15257,30,Fixation,667,866,582,665.56,665.56,0,0
Adult8,I-VT filter,,15261,30,Fixation,667,870,585,665,665,0,0
Adult8,I-VT filter,,15264,30,Fixation,667,871,594,665.42,665.42,0,0
Adult8,I-VT filter,,15267,30,Fixation,667,880,582,664.6,664.6,0,0
Adult8,I-VT filter,,15271,30,Fixation,667,877,587,664.56,664.56,0,0
Adult8,I-VT filter,,15274,30,Fixation,667,871,590,664.85,664.85,0,0
Adult8,I-VT filter,,15277,30,Fixation,667,870,585,664.74,664.74,0,0
Adult8,I-VT filter,,15281,30,Fixation,667,876,586,664.41,664.41,0,0
Adult8,I-VT filter,,15284,30,Fixation,667,871,592,664.66,664.66,0,0
Adult8,I-VT filter,,15287,30,Fixation,667,876,589,664.55,664.55,0,0
Adult8,I-VT filter,,15291,30,Fixation,667,865,579,664.41,664.41,0,0
Adult8,I-VT filter,,15294,30,Fixation,667,868,587,664.32,664.32,0,0
Adult8,I-VT filter,,15297,30,Fixation,667,872,595,664.56,664.56,0,0
Adult8,I-VT filter,,15301,30,Fixation,667,868,588,664.65,664.65,0,0
Adult8,I-VT filter,,15304,30,Fixation,667,874,592,665.01,665.01,0,0
Adult8,I-VT filter,,15308,30,Fixation,667,868,601,665.4,665.4,0,0
Adult8,I-VT filter,,15311,30,Fixation,667,876,591,665.88,665.88,0,0
Adult8,I-VT filter,,15314,30,Fixation,667,869,586,665.64,665.64,0,0
Adult8,I-VT filter,,15317,30,Fixation,667,870,588,665.5,665.5,0,0
Adult8,I-VT filter,,15321,30,Fixation,667,871,589,665.74,665.74,0,0
Adult8,I-VT filter,,15324,30,Fixation,667,875,588,665.48,665.48,0,0
Adult8,I-VT filter,,15327,30,Fixation,667,875,590,666.08,666.08,0,0
Adult8,I-VT filter,,15331,30,Fixation,667,871,595,665.51,665.51,0,0
Adult8,I-VT filter,,15334,30,Fixation,667,876,589,665.31,665.31,0,0
Adult8,I-VT filter,,15337,30,Fixation,667,870,595,666.37,666.37,0,0
Adult8,I-VT filter,,15341,30,Fixation,667,878,592,665.58,665.58,0,0
Adult8,I-VT filter,,15344,30,Fixation,667,874,593,665.9,665.9,0,0
Adult8,I-VT filter,,15347,30,Fixation,667,876,589,666.04,666.04,0,0
Adult8,I-VT filter,,15351,30,Fixation,667,872,590,665.79,665.79,0,0
Adult8,I-VT filter,,15354,30,Fixation,667,876,595,665.57,665.57,0,0
Adult8,I-VT filter,,15357,30,Fixation,667,870,598,666.08,666.08,0,0
Adult8,I-VT filter,,15361,30,Fixation,667,873,594,665.85,665.85,0,0
Adult8,I-VT filter,,15364,30,Fixation,667,872,595,665.86,665.86,0,0
Adult8,I-VT filter,,15367,30,Fixation,667,876,589,665.68,665.68,0,0
Adult8,I-VT filter,,15371,30,Fixation,667,877,595,666.27,666.27,0,0
Adult8,I-VT filter,,15374,30,Fixation,667,880,603,665.68,665.68,0,0
Adult8,I-VT filter,,15377,30,Fixation,667,871,594,666.44,666.44,0,0
Adult8,I-VT filter,,15381,30,Fixation,667,878,594,666.34,666.34,0,0
Adult8,I-VT filter,,15384,30,Fixation,667,875,596,665.65,665.65,0,0
Adult8,I-VT filter,,15387,,Saccade,27,873,594,666.13,666.13,0,0
Adult8,I-VT filter,,15391,,Saccade,27,871,595,666.5,666.5,0,0
Adult8,I-VT filter,,15394,,Saccade,27,867,591,665.67,665.67,0,0
Adult8,I-VT filter,,15397,,Saccade,27,845,586,665.55,665.55,0,0
Adult8,I-VT filter,,15401,,Saccade,27,835,590,664.92,664.92,0,0
Adult8,I-VT filter,,15404,,Saccade,27,820,573,666.79,666.79,0,0
Adult8,I-VT filter,,15407,,Saccade,27,807,577,666.43,666.43,0,0
Adult8,I-VT filter,,15411,,Saccade,27,802,577,665.29,665.29,0,0
Adult8,I-VT filter,,15414,31,Fixation,210,807,580,664.09,664.09,0,0
Adult8,I-VT filter,,15417,31,Fixation,210,797,569,663.97,663.97,0,0
Adult8,I-VT filter,,15421,31,Fixation,210,805,574,663.74,663.74,0,0
Adult8,I-VT filter,,15424,31,Fixation,210,807,567,664.31,664.31,0,0
Adult8,I-VT filter,,15427,31,Fixation,210,803,569,664.33,664.33,0,0
Adult8,I-VT filter,,15431,31,Fixation,210,801,565,664.14,664.14,0,0
Adult8,I-VT filter,,15434,31,Fixation,210,803,578,664.35,664.35,0,0
Adult8,I-VT filter,,15437,31,Fixation,210,805,575,664.74,664.74,0,0
Adult8,I-VT filter,,15441,31,Fixation,210,800,571,664.55,664.55,0,0
Adult8,I-VT filter,,15444,31,Fixation,210,803,568,664.62,664.62,0,0
Adult8,I-VT filter,,15447,31,Fixation,210,802,563,663.73,663.73,0,0
Adult8,I-VT filter,,15451,31,Fixation,210,808,561,663.92,663.92,0,0
Adult8,I-VT filter,,15454,31,Fixation,210,803,579,664.74,664.74,0,0
Adult8,I-VT filter,,15457,31,Fixation,210,806,568,664.69,664.69,0,0
Adult8,I-VT filter,,15461,31,Fixation,210,804,574,664.67,664.67,0,0
Adult8,I-VT filter,,15464,31,Fixation,210,802,581,664.67,664.67,0,0
Adult8,I-VT filter,,15467,31,Fixation,210,796,575,664.59,664.59,0,0
Adult8,I-VT filter,,15471,31,Fixation,210,799,574,664.74,664.74,0,0
Adult8,I-VT filter,,15474,31,Fixation,210,806,566,664.55,664.55,0,0
Adult8,I-VT filter,,15477,31,Fixation,210,804,571,664.49,664.49,0,0
Adult8,I-VT filter,,15481,31,Fixation,210,803,570,664.54,664.54,0,0
Adult8,I-VT filter,,15484,31,Fixation,210,799,570,664.62,664.62,0,0
Adult8,I-VT filter,,15487,31,Fixation,210,805,570,664,664,0,0
Adult8,I-VT filter,,15491,31,Fixation,210,804,570,664.35,664.35,0,0
Adult8,I-VT filter,,15494,31,Fixation,210,807,577,664.31,664.31,0,0
Adult8,I-VT filter,,15497,31,Fixation,210,800,575,664.95,664.95,0,0
Adult8,I-VT filter,,15501,31,Fixation,210,801,570,665.03,665.03,0,0
Adult8,I-VT filter,,15504,31,Fixation,210,807,574,664.83,664.83,0,0
Adult8,I-VT filter,,15507,31,Fixation,210,804,572,664.74,664.74,0,0
Adult8,I-VT filter,,15511,31,Fixation,210,798,572,665.19,665.19,0,0
Adult8,I-VT filter,,15514,31,Fixation,210,807,575,665.11,665.11,0,0
Adult8,I-VT filter,,15517,31,Fixation,210,806,565,665.29,665.29,0,0
Adult8,I-VT filter,,15521,31,Fixation,210,800,575,665.2,665.2,0,0
Adult8,I-VT filter,,15524,31,Fixation,210,805,568,664.59,664.59,0,0
Adult8,I-VT filter,,15527,31,Fixation,210,800,570,663.41,663.41,0,0
Adult8,I-VT filter,,15531,31,Fixation,210,803,567,663.27,663.27,0,0
Adult8,I-VT filter,,15534,31,Fixation,210,807,574,663.53,663.53,0,0
Adult8,I-VT filter,,15537,31,Fixation,210,798,574,663.86,663.86,0,0
Adult8,I-VT filter,,15541,31,Fixation,210,805,568,664.41,664.41,0,0
Adult8,I-VT filter,,15544,31,Fixation,210,803,574,664.15,664.15,0,0
Adult8,I-VT filter,,15547,31,Fixation,210,802,568,665.26,665.26,0,0
Adult8,I-VT filter,,15551,31,Fixation,210,806,571,664.82,664.82,0,0
Adult8,I-VT filter,,15554,31,Fixation,210,800,584,664.98,664.98,0,0
Adult8,I-VT filter,,15557,31,Fixation,210,801,576,664.82,664.82,0,0
Adult8,I-VT filter,,15561,31,Fixation,210,791,567,664.52,664.52,0,0
Adult8,I-VT filter,,15564,31,Fixation,210,802,566,663.8,663.8,0,0
Adult8,I-VT filter,,15567,31,Fixation,210,799,565,664.09,664.09,0,0
Adult8,I-VT filter,,15571,31,Fixation,210,802,571,664.3,664.3,0,0
Adult8,I-VT filter,,15574,31,Fixation,210,801,572,665.47,665.47,0,0
Adult8,I-VT filter,,15577,31,Fixation,210,796,569,665.31,665.31,0,0
Adult8,I-VT filter,,15581,31,Fixation,210,801,567,665.64,665.64,0,0
Adult8,I-VT filter,,15584,31,Fixation,210,803,580,665.21,665.21,0,0
Adult8,I-VT filter,,15587,31,Fixation,210,811,578,665.07,665.07,0,0
Adult8,I-VT filter,,15591,31,Fixation,210,803,572,666.12,666.12,0,0
Adult8,I-VT filter,,15594,31,Fixation,210,807,570,666.06,666.06,0,0
Adult8,I-VT filter,,15597,31,Fixation,210,801,567,665.83,665.83,0,0
Adult8,I-VT filter,,15601,31,Fixation,210,811,572,666.3,666.3,0,0
Adult8,I-VT filter,,15604,31,Fixation,210,798,579,666.97,666.97,0,0
Adult8,I-VT filter,,15607,31,Fixation,210,805,576,668.1,668.1,0,0
Adult8,I-VT filter,,15611,31,Fixation,210,803,576,666.93,666.93,0,0
Adult8,I-VT filter,,15614,31,Fixation,210,806,577,666.45,666.45,0,0
Adult8,I-VT filter,,15617,31,Fixation,210,800,576,666.13,666.13,0,0
Adult8,I-VT filter,,15621,31,Fixation,210,809,577,665.63,665.63,0,0
Adult8,I-VT filter,,15624,,Saccade,57,792,588,663.34,663.34,0,0
Adult8,I-VT filter,,15627,,Saccade,57,796,580,664.49,664.49,0,0
Adult8,I-VT filter,,15631,,Saccade,57,803,585,662.6,662.6,0,0
Adult8,I-VT filter,,15634,,Saccade,57,788,591,664.49,664.49,0,0
Adult8,I-VT filter,,15637,,Saccade,57,776,591,664.52,664.52,0,0
Adult8,I-VT filter,,15641,,Saccade,57,740,584,664.89,664.89,0,0
Adult8,I-VT filter,,15644,,Saccade,57,708,577,664.7,664.7,0,0
Adult8,I-VT filter,,15647,,Saccade,57,675,578,661.24,661.24,0,0
Adult8,I-VT filter,,15651,,Saccade,57,642,546,663.67,663.67,0,0
Adult8,I-VT filter,,15654,,Saccade,57,614,554,659.45,659.45,0,0
Adult8,I-VT filter,,15657,,Saccade,57,579,567,661.48,661.48,0,0
Adult8,I-VT filter,,15661,,Saccade,57,540,571,659.42,659.42,0,0
Adult8,I-VT filter,,15664,,Saccade,57,508,605,661.8,661.8,0,0
Adult8,I-VT filter,,15667,,Saccade,57,458,591,660.71,660.71,0,0
Adult8,I-VT filter,,15671,,Saccade,57,439,536,660.77,,0,4
Adult8,I-VT filter,,15674,,Saccade,57,405,590,658.73,,0,4
Adult8,I-VT filter,,15677,,Saccade,57,326,557,659.16,,0,4
Adult8,I-VT filter,,15681,,Unclassified,10,298,562,659.34,,0,4
Adult8,I-VT filter,,15684,,Unclassified,10,286,651,658.48,,0,4
Adult8,I-VT filter,,15687,,Unclassified,10,281,713,663.76,,0,4
Adult8,I-VT filter,,15691,,Unclassified,1040,,,,,4,4
Adult8,I-VT filter,,15694,,Unclassified,1040,,,,,4,4
Adult8,I-VT filter,,15697,,Unclassified,1040,,,,,4,4
Adult8,I-VT filter,,15701,,Unclassified,1040,,,,,4,4
Adult8,I-VT filter,,15704,,Unclassified,1040,,,,,4,4
Adult8,I-VT filter,,15707,,Unclassified,1040,,,,,4,4
Adult8,I-VT filter,,15711,,Unclassified,1040,,,,,4,4
Adult8,I-VT filter,,15714,,Unclassified,1040,,,,,4,4
Adult8,I-VT filter,,15717,,Unclassified,1040,,,,,4,4
Adult8,I-VT filter,,15721,,Unclassified,1040,,,,,4,4
Adult8,I-VT filter,,15724,,Unclassified,1040,,,,,4,4
Adult8,I-VT filter,,15727,,Unclassified,1040,,,,,4,4
Adult8,I-VT filter,,15731,,Unclassified,1040,,,,,4,4
Adult8,I-VT filter,,15734,,Unclassified,1040,,,,,4,4
Adult8,I-VT filter,,15737,,Unclassified,1040,,,,,4,4
Adult8,I-VT filter,,15741,,Unclassified,1040,,,,,4,4
Adult8,I-VT filter,,15744,,Unclassified,1040,,,,,4,4
Adult8,I-VT filter,,15747,,Unclassified,1040,,,,,4,4
Adult8,I-VT filter,,15751,,Unclassified,1040,,,,,4,4
Adult8,I-VT filter,,15754,,Unclassified,1040,,,,,4,4
Adult8,I-VT filter,,15757,,Unclassified,1040,,,,,4,4
Adult8,I-VT filter,,15761,,Unclassified,1040,,,,,4,4
Adult8,I-VT filter,,15764,,Unclassified,1040,,,,,4,4
Adult8,I-VT filter,,15767,,Unclassified,1040,,,,,4,4
Adult8,I-VT filter,,15771,,Unclassified,1040,,,,,4,4
Adult8,I-VT filter,,15774,,Unclassified,1040,,,,,4,4
Adult8,I-VT filter,,15777,,Unclassified,1040,,,,,4,4
Adult8,I-VT filter,,15781,,Unclassified,1040,,,,,4,4
Adult8,I-VT filter,,15784,,Unclassified,1040,,,,,4,4
Adult8,I-VT filter,,15787,,Unclassified,1040,,,,,4,4
Adult8,I-VT filter,,15791,,Unclassified,1040,,,,,4,4
Adult8,I-VT filter,,15794,,Unclassified,1040,,,,,4,4
Adult8,I-VT filter,,15797,,Unclassified,1040,,,,,4,4
Adult8,I-VT filter,,15801,,Unclassified,1040,,,,,4,4
Adult8,I-VT filter,,15804,,Unclassified,1040,,,,,4,4
Adult8,I-VT filter,,15807,,Unclassified,1040,,,,,4,4
Adult8,I-VT filter,,15811,,Unclassified,1040,,,,,4,4
Adult8,I-VT filter,,15814,,Unclassified,1040,,,,,4,4
Adult8,I-VT filter,,15817,,Unclassified,1040,,,,,4,4
Adult8,I-VT filter,,15821,,Unclassified,1040,,,,,4,4
Adult8,I-VT filter,,15824,,Unclassified,1040,,,,,4,4
Adult8,I-VT filter,,15827,,Unclassified,1040,,,,,4,4
Adult8,I-VT filter,,15831,,Unclassified,1040,,,,,4,4
Adult8,I-VT filter,,15834,,Unclassified,1040,,,,,4,4
Adult8,I-VT filter,,15837,,Unclassified,1040,,,,,4,4
Adult8,I-VT filter,,15841,,Unclassified,1040,,,,,4,4
Adult8,I-VT filter,,15844,,Unclassified,1040,,,,,4,4
Adult8,I-VT filter,,15847,,Unclassified,1040,,,,,4,4
Adult8,I-VT filter,,15851,,Unclassified,1040,,,,,4,4
Adult8,I-VT filter,,15854,,Unclassified,1040,,,,,4,4
Adult8,I-VT filter,,15857,,Unclassified,1040,,,,,4,4
Adult8,I-VT filter,,15861,,Unclassified,1040,,,,,4,4
Adult8,I-VT filter,,15864,,Unclassified,1040,,,,,4,4
Adult8,I-VT filter,,15867,,Unclassified,1040,,,,,4,4
Adult8,I-VT filter,,15871,,Unclassified,1040,,,,,4,4
Adult8,I-VT filter,,15874,,Unclassified,1040,,,,,4,4
Adult8,I-VT filter,,15877,,Unclassified,1040,,,,,4,4
Adult8,I-VT filter,,15881,,Unclassified,1040,,,,,4,4
Adult8,I-VT filter,,15884,,Unclassified,1040,,,,,4,4
Adult8,I-VT filter,,15887,,Unclassified,1040,,,,,4,4
Adult8,I-VT filter,,15891,,Unclassified,1040,,,,,4,4
Adult8,I-VT filter,,15894,,Unclassified,1040,,,,,4,4
Adult8,I-VT filter,,15897,,Unclassified,1040,,,,,4,4
Adult8,I-VT filter,,15901,,Unclassified,1040,,,,,4,4
Adult8,I-VT filter,,15904,,Unclassified,1040,,,,,4,4
Adult8,I-VT filter,,15907,,Unclassified,1040,,,,,4,4
Adult8,I-VT filter,,15911,,Unclassified,1040,,,,,4,4
Adult8,I-VT filter,,15914,,Unclassified,1040,,,,,4,4
Adult8,I-VT filter,,15917,,Unclassified,1040,,,,,4,4
Adult8,I-VT filter,,15921,,Unclassified,1040,,,,,4,4
Adult8,I-VT filter,,15924,,Unclassified,1040,,,,,4,4
Adult8,I-VT filter,,15927,,Unclassified,1040,,,,,4,4
Adult8,I-VT filter,,15931,,Unclassified,1040,,,,,4,4
Adult8,I-VT filter,,15934,,Unclassified,1040,,,,,4,4
Adult8,I-VT filter,,15937,,Unclassified,1040,,,,,4,4
Adult8,I-VT filter,,15941,,Unclassified,1040,,,,,4,4
Adult8,I-VT filter,,15944,,Unclassified,1040,,,,,4,4
Adult8,I-VT filter,,15947,,Unclassified,1040,,,,,4,4
Adult8,I-VT filter,,15951,,Unclassified,1040,,,,,4,4
Adult8,I-VT filter,,15954,,Unclassified,1040,,,,,4,4
Adult8,I-VT filter,,15957,,Unclassified,1040,,,,,4,4
Adult8,I-VT filter,,15961,,Unclassified,1040,,,,,4,4
Adult8,I-VT filter,,15964,,Unclassified,1040,,,,,4,4
Adult8,I-VT filter,,15967,,Unclassified,1040,,,,,4,4
Adult8,I-VT filter,,15971,,Unclassified,1040,,,,,4,4
Adult8,I-VT filter,,15974,,Unclassified,1040,,,,,4,4
Adult8,I-VT filter,,15977,,Unclassified,1040,,,,,4,4
Adult8,I-VT filter,,15981,,Unclassified,1040,,,,,4,4
Adult8,I-VT filter,,15984,,Unclassified,1040,,,,,4,4
Adult8,I-VT filter,,15987,,Unclassified,1040,,,,,4,4
Adult8,I-VT filter,,15991,,Unclassified,1040,,,,,4,4
Adult8,I-VT filter,,15994,,Unclassified,1040,,,,,4,4
Adult8,I-VT filter,,15997,,Unclassified,1040,,,,,4,4
Adult8,I-VT filter,,16001,,Unclassified,1040,,,,,4,4
Adult8,I-VT filter,,16004,,Unclassified,1040,,,,,4,4
Adult8,I-VT filter,,16007,,Unclassified,1040,,,,,4,4
Adult8,I-VT filter,,16011,,Unclassified,1040,,,,,4,4
Adult8,I-VT filter,,16014,,Unclassified,1040,,,,,4,4
Adult8,I-VT filter,,16017,,Unclassified,1040,,,,,4,4
Adult8,I-VT filter,,16021,,Unclassified,1040,,,,,4,4
Adult8,I-VT filter,,16024,,Unclassified,1040,,,,,4,4
Adult8,I-VT filter,,16027,,Unclassified,1040,,,,,4,4
Adult8,I-VT filter,,16031,,Unclassified,1040,,,,,4,4
Adult8,I-VT filter,,16034,,Unclassified,1040,,,,,4,4
Adult8,I-VT filter,,16037,,Unclassified,1040,,,,,4,4
Adult8,I-VT filter,,16041,,Unclassified,1040,,,,,4,4
Adult8,I-VT filter,,16044,,Unclassified,1040,,,,,4,4
Adult8,I-VT filter,,16047,,Unclassified,1040,,,,,4,4
Adult8,I-VT filter,,16051,,Unclassified,1040,,,,,4,4
Adult8,I-VT filter,,16054,,Unclassified,1040,,,,,4,4
Adult8,I-VT filter,,16057,,Unclassified,1040,,,,,4,4
Adult8,I-VT filter,,16061,,Unclassified,1040,,,,,4,4
Adult8,I-VT filter,,16064,,Unclassified,1040,,,,,4,4
Adult8,I-VT filter,,16067,,Unclassified,1040,,,,,4,4
Adult8,I-VT filter,,16071,,Unclassified,1040,,,,,4,4
Adult8,I-VT filter,,16074,,Unclassified,1040,,,,,4,4
Adult8,I-VT filter,,16077,,Unclassified,1040,,,,,4,4
Adult8,I-VT filter,,16081,,Unclassified,1040,,,,,4,4
Adult8,I-VT filter,,16084,,Unclassified,1040,,,,,4,4
Adult8,I-VT filter,,16087,,Unclassified,1040,,,,,4,4
Adult8,I-VT filter,,16091,,Unclassified,1040,,,,,4,4
Adult8,I-VT filter,,16094,,Unclassified,1040,,,,,4,4
Adult8,I-VT filter,,16097,,Unclassified,1040,,,,,4,4
Adult8,I-VT filter,,16101,,Unclassified,1040,,,,,4,4
Adult8,I-VT filter,,16104,,Unclassified,1040,,,,,4,4
Adult8,I-VT filter,,16107,,Unclassified,1040,,,,,4,4
Adult8,I-VT filter,,16111,,Unclassified,1040,,,,,4,4
Adult8,I-VT filter,,16114,,Unclassified,1040,,,,,4,4
Adult8,I-VT filter,,16117,,Unclassified,1040,,,,,4,4
Adult8,I-VT filter,,16121,,Unclassified,1040,,,,,4,4
Adult8,I-VT filter,,16124,,Unclassified,1040,,,,,4,4
Adult8,I-VT filter,,16127,,Unclassified,1040,,,,,4,4
Adult8,I-VT filter,,16131,,Unclassified,1040,,,,,4,4
Adult8,I-VT filter,,16134,,Unclassified,1040,,,,,4,4
Adult8,I-VT filter,,16137,,Unclassified,1040,,,,,4,4
Adult8,I-VT filter,,16141,,Unclassified,1040,,,,,4,4
Adult8,I-VT filter,,16144,,Unclassified,1040,,,,,4,4
Adult8,I-VT filter,,16147,,Unclassified,1040,,,,,4,4
Adult8,I-VT filter,,16151,,Unclassified,1040,,,,,4,4
Adult8,I-VT filter,,16154,,Unclassified,1040,,,,,4,4
Adult8,I-VT filter,,16157,,Unclassified,1040,,,,,4,4
Adult8,I-VT filter,,16161,,Unclassified,1040,,,,,4,4
Adult8,I-VT filter,,16164,,Unclassified,1040,,,,,4,4
Adult8,I-VT filter,,16167,,Unclassified,1040,,,,,4,4
Adult8,I-VT filter,,16171,,Unclassified,1040,,,,,4,4
Adult8,I-VT filter,,16174,,Unclassified,1040,,,,,4,4
Adult8,I-VT filter,,16177,,Unclassified,1040,,,,,4,4
Adult8,I-VT filter,,16181,,Unclassified,1040,,,,,4,4
Adult8,I-VT filter,,16184,,Unclassified,1040,,,,,4,4
Adult8,I-VT filter,,16187,,Unclassified,1040,,,,,4,4
Adult8,I-VT filter,,16191,,Unclassified,1040,,,,,4,4
Adult8,I-VT filter,,16194,,Unclassified,1040,,,,,4,4
Adult8,I-VT filter,,16197,,Unclassified,1040,,,,,4,4
Adult8,I-VT filter,,16201,,Unclassified,1040,,,,,4,4
Adult8,I-VT filter,,16204,,Unclassified,1040,,,,,4,4
Adult8,I-VT filter,,16207,,Unclassified,1040,,,,,4,4
Adult8,I-VT filter,,16211,,Unclassified,1040,,,,,4,4
Adult8,I-VT filter,,16214,,Unclassified,1040,,,,,4,4
Adult8,I-VT filter,,16217,,Unclassified,1040,,,,,4,4
Adult8,I-VT filter,,16221,,Unclassified,1040,,,,,4,4
Adult8,I-VT filter,,16224,,Unclassified,1040,,,,,4,4
Adult8,I-VT filter,,16227,,Unclassified,1040,,,,,4,4
Adult8,I-VT filter,,16231,,Unclassified,1040,,,,,4,4
Adult8,I-VT filter,,16234,,Unclassified,1040,,,,,4,4
Adult8,I-VT filter,,16237,,Unclassified,1040,,,,,4,4
Adult8,I-VT filter,,16241,,Unclassified,1040,,,,,4,4
Adult8,I-VT filter,,16244,,Unclassified,1040,,,,,4,4
Adult8,I-VT filter,,16247,,Unclassified,1040,,,,,4,4
Adult8,I-VT filter,,16251,,Unclassified,1040,,,,,4,4
Adult8,I-VT filter,,16254,,Unclassified,1040,,,,,4,4
Adult8,I-VT filter,,16257,,Unclassified,1040,,,,,4,4
Adult8,I-VT filter,,16261,,Unclassified,1040,,,,,4,4
Adult8,I-VT filter,,16264,,Unclassified,1040,,,,,4,4
Adult8,I-VT filter,,16267,,Unclassified,1040,,,,,4,4
Adult8,I-VT filter,,16271,,Unclassified,1040,,,,,4,4
Adult8,I-VT filter,,16274,,Unclassified,1040,,,,,4,4
Adult8,I-VT filter,,16277,,Unclassified,1040,,,,,4,4
Adult8,I-VT filter,,16281,,Unclassified,1040,,,,,4,4
Adult8,I-VT filter,,16284,,Unclassified,1040,,,,,4,4
Adult8,I-VT filter,,16287,,Unclassified,1040,,,,,4,4
Adult8,I-VT filter,,16291,,Unclassified,1040,,,,,4,4
Adult8,I-VT filter,,16294,,Unclassified,1040,,,,,4,4
Adult8,I-VT filter,,16297,,Unclassified,1040,,,,,4,4
Adult8,I-VT filter,,16301,,Unclassified,1040,,,,,4,4
Adult8,I-VT filter,,16304,,Unclassified,1040,,,,,4,4
Adult8,I-VT filter,,16307,,Unclassified,1040,,,,,4,4
Adult8,I-VT filter,,16311,,Unclassified,1040,,,,,4,4
Adult8,I-VT filter,,16314,,Unclassified,1040,,,,,4,4
Adult8,I-VT filter,,16317,,Unclassified,1040,,,,,4,4
Adult8,I-VT filter,,16321,,Unclassified,1040,,,,,4,4
Adult8,I-VT filter,,16324,,Unclassified,1040,,,,,4,4
Adult8,I-VT filter,,16327,,Unclassified,1040,,,,,4,4
Adult8,I-VT filter,,16331,,Unclassified,1040,,,,,4,4
Adult8,I-VT filter,,16334,,Unclassified,1040,,,,,4,4
Adult8,I-VT filter,,16337,,Unclassified,1040,,,,,4,4
Adult8,I-VT filter,,16341,,Unclassified,1040,,,,,4,4
Adult8,I-VT filter,,16344,,Unclassified,1040,,,,,4,4
Adult8,I-VT filter,,16347,,Unclassified,1040,,,,,4,4
Adult8,I-VT filter,,16351,,Unclassified,1040,,,,,4,4
Adult8,I-VT filter,,16354,,Unclassified,1040,,,,,4,4
Adult8,I-VT filter,,16357,,Unclassified,1040,,,,,4,4
Adult8,I-VT filter,,16361,,Unclassified,1040,,,,,4,4
Adult8,I-VT filter,,16364,,Unclassified,1040,,,,,4,4
Adult8,I-VT filter,,16367,,Unclassified,1040,,,,,4,4
Adult8,I-VT filter,,16371,,Unclassified,1040,,,,,4,4
Adult8,I-VT filter,,16374,,Unclassified,1040,,,,,4,4
Adult8,I-VT filter,,16377,,Unclassified,1040,,,,,4,4
Adult8,I-VT filter,,16381,,Unclassified,1040,,,,,4,4
Adult8,I-VT filter,,16384,,Unclassified,1040,,,,,4,4
Adult8,I-VT filter,,16387,,Unclassified,1040,,,,,4,4
Adult8,I-VT filter,,16391,,Unclassified,1040,,,,,4,4
Adult8,I-VT filter,,16394,,Unclassified,1040,,,,,4,4
Adult8,I-VT filter,,16397,,Unclassified,1040,,,,,4,4
Adult8,I-VT filter,,16401,,Unclassified,1040,,,,,4,4
Adult8,I-VT filter,,16404,,Unclassified,1040,,,,,4,4
Adult8,I-VT filter,,16407,,Unclassified,1040,,,,,4,4
Adult8,I-VT filter,,16411,,Unclassified,1040,,,,,4,4
Adult8,I-VT filter,,16414,,Unclassified,1040,,,,,4,4
Adult8,I-VT filter,,16417,,Unclassified,1040,,,,,4,4
Adult8,I-VT filter,,16421,,Unclassified,1040,,,,,4,4
Adult8,I-VT filter,,16424,,Unclassified,1040,,,,,4,4
Adult8,I-VT filter,,16427,,Unclassified,1040,,,,,4,4
Adult8,I-VT filter,,16431,,Unclassified,1040,,,,,4,4
Adult8,I-VT filter,,16434,,Unclassified,1040,,,,,4,4
Adult8,I-VT filter,,16437,,Unclassified,1040,,,,,4,4
Adult8,I-VT filter,,16441,,Unclassified,1040,,,,,4,4
Adult8,I-VT filter,,16444,,Unclassified,1040,,,,,4,4
Adult8,I-VT filter,,16447,,Unclassified,1040,,,,,4,4
Adult8,I-VT filter,,16451,,Unclassified,1040,,,,,4,4
Adult8,I-VT filter,,16454,,Unclassified,1040,,,,,4,4
Adult8,I-VT filter,,16457,,Unclassified,1040,,,,,4,4
Adult8,I-VT filter,,16461,,Unclassified,1040,,,,,4,4
Adult8,I-VT filter,,16464,,Unclassified,1040,,,,,4,4
Adult8,I-VT filter,,16467,,Unclassified,1040,,,,,4,4
Adult8,I-VT filter,,16471,,Unclassified,1040,,,,,4,4
Adult8,I-VT filter,,16474,,Unclassified,1040,,,,,4,4
Adult8,I-VT filter,,16477,,Unclassified,1040,,,,,4,4
Adult8,I-VT filter,,16481,,Unclassified,1040,,,,,4,4
Adult8,I-VT filter,,16484,,Unclassified,1040,,,,,4,4
Adult8,I-VT filter,,16487,,Unclassified,1040,,,,,4,4
Adult8,I-VT filter,,16491,,Unclassified,1040,,,,,4,4
Adult8,I-VT filter,,16494,,Unclassified,1040,,,,,4,4
Adult8,I-VT filter,,16497,,Unclassified,1040,,,,,4,4
Adult8,I-VT filter,,16501,,Unclassified,1040,,,,,4,4
Adult8,I-VT filter,,16504,,Unclassified,1040,,,,,4,4
Adult8,I-VT filter,,16507,,Unclassified,1040,,,,,4,4
Adult8,I-VT filter,,16511,,Unclassified,1040,,,,,4,4
Adult8,I-VT filter,,16514,,Unclassified,1040,,,,,4,4
Adult8,I-VT filter,,16517,,Unclassified,1040,,,,,4,4
Adult8,I-VT filter,,16521,,Unclassified,1040,,,,,4,4
Adult8,I-VT filter,,16524,,Unclassified,1040,,,,,4,4
Adult8,I-VT filter,,16527,,Unclassified,1040,,,,,4,4
Adult8,I-VT filter,,16531,,Unclassified,1040,,,,,4,4
Adult8,I-VT filter,,16534,,Unclassified,1040,,,,,4,4
Adult8,I-VT filter,,16537,,Unclassified,1040,,,,,4,4
Adult8,I-VT filter,,16541,,Unclassified,1040,,,,,4,4
Adult8,I-VT filter,,16544,,Unclassified,1040,,,,,4,4
Adult8,I-VT filter,,16547,,Unclassified,1040,,,,,4,4
Adult8,I-VT filter,,16551,,Unclassified,1040,,,,,4,4
Adult8,I-VT filter,,16554,,Unclassified,1040,,,,,4,4
Adult8,I-VT filter,,16557,,Unclassified,1040,,,,,4,4
Adult8,I-VT filter,,16561,,Unclassified,1040,,,,,4,4
Adult8,I-VT filter,,16564,,Unclassified,1040,,,,,4,4
Adult8,I-VT filter,,16567,,Unclassified,1040,,,,,4,4
Adult8,I-VT filter,,16571,,Unclassified,1040,,,,,4,4
Adult8,I-VT filter,,16574,,Unclassified,1040,,,,,4,4
Adult8,I-VT filter,,16577,,Unclassified,1040,,,,,4,4
Adult8,I-VT filter,,16581,,Unclassified,1040,,,,,4,4
Adult8,I-VT filter,,16584,,Unclassified,1040,,,,,4,4
Adult8,I-VT filter,,16587,,Unclassified,1040,,,,,4,4
Adult8,I-VT filter,,16591,,Unclassified,1040,,,,,4,4
Adult8,I-VT filter,,16594,,Unclassified,1040,,,,,4,4
Adult8,I-VT filter,,16597,,Unclassified,1040,,,,,4,4
Adult8,I-VT filter,,16601,,Unclassified,1040,,,,,4,4
Adult8,I-VT filter,,16604,,Unclassified,1040,,,,,4,4
Adult8,I-VT filter,,16607,,Unclassified,1040,,,,,4,4
Adult8,I-VT filter,,16611,,Unclassified,1040,,,,,4,4
Adult8,I-VT filter,,16614,,Unclassified,1040,,,,,4,4
Adult8,I-VT filter,,16617,,Unclassified,1040,,,,,4,4
Adult8,I-VT filter,,16621,,Unclassified,1040,,,,,4,4
Adult8,I-VT filter,,16624,,Unclassified,1040,,,,,4,4
Adult8,I-VT filter,,16627,,Unclassified,1040,,,,,4,4
Adult8,I-VT filter,,16631,,Unclassified,1040,,,,,4,4
Adult8,I-VT filter,,16634,,Unclassified,1040,,,,,4,4
Adult8,I-VT filter,,16637,,Unclassified,1040,,,,,4,4
Adult8,I-VT filter,,16641,,Unclassified,1040,,,,,4,4
Adult8,I-VT filter,,16644,,Unclassified,1040,,,,,4,4
Adult8,I-VT filter,,16647,,Unclassified,1040,,,,,4,4
Adult8,I-VT filter,,16651,,Unclassified,1040,,,,,4,4
Adult8,I-VT filter,,16654,,Unclassified,1040,,,,,4,4
Adult8,I-VT filter,,16657,,Unclassified,1040,,,,,4,4
Adult8,I-VT filter,,16661,,Unclassified,1040,,,,,4,4
Adult8,I-VT filter,,16664,,Unclassified,1040,,,,,4,4
Adult8,I-VT filter,,16667,,Unclassified,1040,,,,,4,4
Adult8,I-VT filter,,16671,,Unclassified,1040,,,,,4,4
Adult8,I-VT filter,,16674,,Unclassified,1040,,,,,4,4
Adult8,I-VT filter,,16677,,Unclassified,1040,,,,,4,4
Adult8,I-VT filter,,16681,,Unclassified,1040,,,,,4,4
Adult8,I-VT filter,,16684,,Unclassified,1040,,,,,4,4
Adult8,I-VT filter,,16687,,Unclassified,1040,,,,,4,4
Adult8,I-VT filter,,16691,,Unclassified,1040,,,,,4,4
Adult8,I-VT filter,,16694,,Unclassified,1040,,,,,4,4
Adult8,I-VT filter,,16697,,Unclassified,1040,,,,,4,4
Adult8,I-VT filter,,16701,,Unclassified,1040,,,,,4,4
Adult8,I-VT filter,,16704,,Unclassified,1040,,,,,4,4
Adult8,I-VT filter,,16707,,Unclassified,1040,,,,,4,4
Adult8,I-VT filter,,16711,,Unclassified,1040,,,,,4,4
Adult8,I-VT filter,,16714,,Unclassified,1040,,,,,4,4
Adult8,I-VT filter,,16717,,Unclassified,1040,,,,,4,4
Adult8,I-VT filter,,16721,,Unclassified,1040,,,,,4,4
Adult8,I-VT filter,,16724,,Unclassified,1040,,,,,4,4
Adult8,I-VT filter,,16727,,Unclassified,1040,,,,,4,4
Adult8,I-VT filter,,16731,,Unclassified,3,811,735,765.11,765.11,3,1
Adult8,I-VT filter,,16734,,Unclassified,17,,,,,4,4
Adult8,I-VT filter,,16737,,Unclassified,17,,,,,4,4
Adult8,I-VT filter,,16741,,Unclassified,17,,,,,4,4
Adult8,I-VT filter,,16744,,Unclassified,17,,,,,4,4
Adult8,I-VT filter,,16747,,Unclassified,17,,,,,4,4
Adult8,I-VT filter,,16751,,Unclassified,3,841,740,767.01,767.01,3,1
Adult8,I-VT filter,,16754,,Unclassified,946,,,,,4,4
Adult8,I-VT filter,,16757,,Unclassified,946,,,,,4,4
Adult8,I-VT filter,,16761,,Unclassified,946,,,,,4,4
Adult8,I-VT filter,,16764,,Unclassified,946,,,,,4,4
Adult8,I-VT filter,,16767,,Unclassified,946,,,,,4,4
Adult8,I-VT filter,,16771,,Unclassified,946,,,,,4,4
Adult8,I-VT filter,,16774,,Unclassified,946,,,,,4,4
Adult8,I-VT filter,,16777,,Unclassified,946,,,,,4,4
Adult8,I-VT filter,,16781,,Unclassified,946,,,,,4,4
Adult8,I-VT filter,,16784,,Unclassified,946,,,,,4,4
Adult8,I-VT filter,,16787,,Unclassified,946,,,,,4,4
Adult8,I-VT filter,,16791,,Unclassified,946,,,,,4,4
Adult8,I-VT filter,,16794,,Unclassified,946,,,,,4,4
Adult8,I-VT filter,,16797,,Unclassified,946,,,,,4,4
Adult8,I-VT filter,,16801,,Unclassified,946,,,,,4,4
Adult8,I-VT filter,,16804,,Unclassified,946,,,,,4,4
Adult8,I-VT filter,,16807,,Unclassified,946,,,,,4,4
Adult8,I-VT filter,,16811,,Unclassified,946,,,,,4,4
Adult8,I-VT filter,,16814,,Unclassified,946,,,,,4,4
Adult8,I-VT filter,,16817,,Unclassified,946,,,,,4,4
Adult8,I-VT filter,,16821,,Unclassified,946,,,,,4,4
Adult8,I-VT filter,,16824,,Unclassified,946,,,,,4,4
Adult8,I-VT filter,,16827,,Unclassified,946,,,,,4,4
Adult8,I-VT filter,,16831,,Unclassified,946,,,,,4,4
Adult8,I-VT filter,,16834,,Unclassified,946,,,,,4,4
Adult8,I-VT filter,,16837,,Unclassified,946,,,,,4,4
Adult8,I-VT filter,,16841,,Unclassified,946,,,,,4,4
Adult8,I-VT filter,,16844,,Unclassified,946,,,,,4,4
Adult8,I-VT filter,,16847,,Unclassified,946,,,,,4,4
Adult8,I-VT filter,,16851,,Unclassified,946,,,,,4,4
Adult8,I-VT filter,,16854,,Unclassified,946,,,,,4,4
Adult8,I-VT filter,,16857,,Unclassified,946,,,,,4,4
Adult8,I-VT filter,,16861,,Unclassified,946,,,,,4,4
Adult8,I-VT filter,,16864,,Unclassified,946,,,,,4,4
Adult8,I-VT filter,,16867,,Unclassified,946,,,,,4,4
Adult8,I-VT filter,,16870,,Unclassified,946,,,,,4,4
Adult8,I-VT filter,,16874,,Unclassified,946,,,,,4,4
Adult8,I-VT filter,,16877,,Unclassified,946,,,,,4,4
Adult8,I-VT filter,,16881,,Unclassified,946,,,,,4,4
Adult8,I-VT filter,,16884,,Unclassified,946,,,,,4,4
Adult8,I-VT filter,,16887,,Unclassified,946,,,,,4,4
Adult8,I-VT filter,,16891,,Unclassified,946,,,,,4,4
Adult8,I-VT filter,,16894,,Unclassified,946,,,,,4,4
Adult8,I-VT filter,,16897,,Unclassified,946,,,,,4,4
Adult8,I-VT filter,,16901,,Unclassified,946,,,,,4,4
Adult8,I-VT filter,,16904,,Unclassified,946,,,,,4,4
Adult8,I-VT filter,,16907,,Unclassified,946,,,,,4,4
Adult8,I-VT filter,,16911,,Unclassified,946,,,,,4,4
Adult8,I-VT filter,,16914,,Unclassified,946,,,,,4,4
Adult8,I-VT filter,,16917,,Unclassified,946,,,,,4,4
Adult8,I-VT filter,,16921,,Unclassified,946,,,,,4,4
Adult8,I-VT filter,,16924,,Unclassified,946,,,,,4,4
Adult8,I-VT filter,,16927,,Unclassified,946,,,,,4,4
Adult8,I-VT filter,,16931,,Unclassified,946,,,,,4,4
Adult8,I-VT filter,,16934,,Unclassified,946,,,,,4,4
Adult8,I-VT filter,,16937,,Unclassified,946,,,,,4,4
Adult8,I-VT filter,,16940,,Unclassified,946,,,,,4,4
Adult8,I-VT filter,,16944,,Unclassified,946,,,,,4,4
Adult8,I-VT filter,,16947,,Unclassified,946,,,,,4,4
Adult8,I-VT filter,,16951,,Unclassified,946,,,,,4,4
Adult8,I-VT filter,,16954,,Unclassified,946,,,,,4,4
Adult8,I-VT filter,,16957,,Unclassified,946,,,,,4,4
Adult8,I-VT filter,,16961,,Unclassified,946,,,,,4,4
Adult8,I-VT filter,,16964,,Unclassified,946,,,,,4,4
Adult8,I-VT filter,,16967,,Unclassified,946,,,,,4,4
Adult8,I-VT filter,,16970,,Unclassified,946,,,,,4,4
Adult8,I-VT filter,,16974,,Unclassified,946,,,,,4,4
Adult8,I-VT filter,,16977,,Unclassified,946,,,,,4,4
Adult8,I-VT filter,,16981,,Unclassified,946,,,,,4,4
Adult8,I-VT filter,,16984,,Unclassified,946,,,,,4,4
Adult8,I-VT filter,,16987,,Unclassified,946,,,,,4,4
Adult8,I-VT filter,,16991,,Unclassified,946,,,,,4,4
Adult8,I-VT filter,,16994,,Unclassified,946,,,,,4,4
Adult8,I-VT filter,,16997,,Unclassified,946,,,,,4,4
Adult8,I-VT filter,,17000,,Unclassified,946,,,,,4,4
Adult8,I-VT filter,,17004,,Unclassified,946,,,,,4,4
Adult8,I-VT filter,,17007,,Unclassified,946,,,,,4,4
Adult8,I-VT filter,,17010,,Unclassified,946,,,,,4,4
Adult8,I-VT filter,,17014,,Unclassified,946,,,,,4,4
Adult8,I-VT filter,,17017,,Unclassified,946,,,,,4,4
Adult8,I-VT filter,,17021,,Unclassified,946,,,,,4,4
Adult8,I-VT filter,,17024,,Unclassified,946,,,,,4,4
Adult8,I-VT filter,,17027,,Unclassified,946,,,,,4,4
Adult8,I-VT filter,,17030,,Unclassified,946,,,,,4,4
Adult8,I-VT filter,,17034,,Unclassified,946,,,,,4,4
Adult8,I-VT filter,,17037,,Unclassified,946,,,,,4,4
Adult8,I-VT filter,,17040,,Unclassified,946,,,,,4,4
Adult8,I-VT filter,,17044,,Unclassified,946,,,,,4,4
Adult8,I-VT filter,,17047,,Unclassified,946,,,,,4,4
Adult8,I-VT filter,,17051,,Unclassified,946,,,,,4,4
Adult8,I-VT filter,,17054,,Unclassified,946,,,,,4,4
Adult8,I-VT filter,,17057,,Unclassified,946,,,,,4,4
Adult8,I-VT filter,,17061,,Unclassified,946,,,,,4,4
Adult8,I-VT filter,,17064,,Unclassified,946,,,,,4,4
Adult8,I-VT filter,,17067,,Unclassified,946,,,,,4,4
Adult8,I-VT filter,,17070,,Unclassified,946,,,,,4,4
Adult8,I-VT filter,,17074,,Unclassified,946,,,,,4,4
Adult8,I-VT filter,,17077,,Unclassified,946,,,,,4,4
Adult8,I-VT filter,,17080,,Unclassified,946,,,,,4,4
Adult8,I-VT filter,,17084,,Unclassified,946,,,,,4,4
Adult8,I-VT filter,,17087,,Unclassified,946,,,,,4,4
Adult8,I-VT filter,,17091,,Unclassified,946,,,,,4,4
Adult8,I-VT filter,,17094,,Unclassified,946,,,,,4,4
Adult8,I-VT filter,,17097,,Unclassified,946,,,,,4,4
Adult8,I-VT filter,,17100,,Unclassified,946,,,,,4,4
Adult8,I-VT filter,,17104,,Unclassified,946,,,,,4,4
Adult8,I-VT filter,,17107,,Unclassified,946,,,,,4,4
Adult8,I-VT filter,,17110,,Unclassified,946,,,,,4,4
Adult8,I-VT filter,,17114,,Unclassified,946,,,,,4,4
Adult8,I-VT filter,,17117,,Unclassified,946,,,,,4,4
Adult8,I-VT filter,,17121,,Unclassified,946,,,,,4,4
Adult8,I-VT filter,,17124,,Unclassified,946,,,,,4,4
Adult8,I-VT filter,,17127,,Unclassified,946,,,,,4,4
Adult8,I-VT filter,,17130,,Unclassified,946,,,,,4,4
Adult8,I-VT filter,,17134,,Unclassified,946,,,,,4,4
Adult8,I-VT filter,,17137,,Unclassified,946,,,,,4,4
Adult8,I-VT filter,,17140,,Unclassified,946,,,,,4,4
Adult8,I-VT filter,,17144,,Unclassified,946,,,,,4,4
Adult8,I-VT filter,,17147,,Unclassified,946,,,,,4,4
Adult8,I-VT filter,,17150,,Unclassified,946,,,,,4,4
Adult8,I-VT filter,,17154,,Unclassified,946,,,,,4,4
Adult8,I-VT filter,,17157,,Unclassified,946,,,,,4,4
Adult8,I-VT filter,,17161,,Unclassified,946,,,,,4,4
Adult8,I-VT filter,,17164,,Unclassified,946,,,,,4,4
Adult8,I-VT filter,,17167,,Unclassified,946,,,,,4,4
Adult8,I-VT filter,,17170,,Unclassified,946,,,,,4,4
Adult8,I-VT filter,,17174,,Unclassified,946,,,,,4,4
Adult8,I-VT filter,,17177,,Unclassified,946,,,,,4,4
Adult8,I-VT filter,,17180,,Unclassified,946,,,,,4,4
Adult8,I-VT filter,,17184,,Unclassified,946,,,,,4,4
Adult8,I-VT filter,,17187,,Unclassified,946,,,,,4,4
Adult8,I-VT filter,,17191,,Unclassified,946,,,,,4,4
Adult8,I-VT filter,,17194,,Unclassified,946,,,,,4,4
Adult8,I-VT filter,,17197,,Unclassified,946,,,,,4,4
Adult8,I-VT filter,,17200,,Unclassified,946,,,,,4,4
Adult8,I-VT filter,,17204,,Unclassified,946,,,,,4,4
Adult8,I-VT filter,,17207,,Unclassified,946,,,,,4,4
Adult8,I-VT filter,,17210,,Unclassified,946,,,,,4,4
Adult8,I-VT filter,,17214,,Unclassified,946,,,,,4,4
Adult8,I-VT filter,,17217,,Unclassified,946,,,,,4,4
Adult8,I-VT filter,,17220,,Unclassified,946,,,,,4,4
Adult8,I-VT filter,,17224,,Unclassified,946,,,,,4,4
Adult8,I-VT filter,,17227,,Unclassified,946,,,,,4,4
Adult8,I-VT filter,,17230,,Unclassified,946,,,,,4,4
Adult8,I-VT filter,,17234,,Unclassified,946,,,,,4,4
Adult8,I-VT filter,,17237,,Unclassified,946,,,,,4,4
Adult8,I-VT filter,,17240,,Unclassified,946,,,,,4,4
Adult8,I-VT filter,,17244,,Unclassified,946,,,,,4,4
Adult8,I-VT filter,,17247,,Unclassified,946,,,,,4,4
Adult8,I-VT filter,,17250,,Unclassified,946,,,,,4,4
Adult8,I-VT filter,,17254,,Unclassified,946,,,,,4,4
Adult8,I-VT filter,,17257,,Unclassified,946,,,,,4,4
Adult8,I-VT filter,,17260,,Unclassified,946,,,,,4,4
Adult8,I-VT filter,,17264,,Unclassified,946,,,,,4,4
Adult8,I-VT filter,,17267,,Unclassified,946,,,,,4,4
Adult8,I-VT filter,,17270,,Unclassified,946,,,,,4,4
Adult8,I-VT filter,,17274,,Unclassified,946,,,,,4,4
Adult8,I-VT filter,,17277,,Unclassified,946,,,,,4,4
Adult8,I-VT filter,,17280,,Unclassified,946,,,,,4,4
Adult8,I-VT filter,,17284,,Unclassified,946,,,,,4,4
Adult8,I-VT filter,,17287,,Unclassified,946,,,,,4,4
Adult8,I-VT filter,,17290,,Unclassified,946,,,,,4,4
Adult8,I-VT filter,,17294,,Unclassified,946,,,,,4,4
Adult8,I-VT filter,,17297,,Unclassified,946,,,,,4,4
Adult8,I-VT filter,,17300,,Unclassified,946,,,,,4,4
Adult8,I-VT filter,,17304,,Unclassified,946,,,,,4,4
Adult8,I-VT filter,,17307,,Unclassified,946,,,,,4,4
Adult8,I-VT filter,,17310,,Unclassified,946,,,,,4,4
Adult8,I-VT filter,,17314,,Unclassified,946,,,,,4,4
Adult8,I-VT filter,,17317,,Unclassified,946,,,,,4,4
Adult8,I-VT filter,,17320,,Unclassified,946,,,,,4,4
Adult8,I-VT filter,,17324,,Unclassified,946,,,,,4,4
Adult8,I-VT filter,,17327,,Unclassified,946,,,,,4,4
Adult8,I-VT filter,,17330,,Unclassified,946,,,,,4,4
Adult8,I-VT filter,,17334,,Unclassified,946,,,,,4,4
Adult8,I-VT filter,,17337,,Unclassified,946,,,,,4,4
Adult8,I-VT filter,,17340,,Unclassified,946,,,,,4,4
Adult8,I-VT filter,,17344,,Unclassified,946,,,,,4,4
Adult8,I-VT filter,,17347,,Unclassified,946,,,,,4,4
Adult8,I-VT filter,,17350,,Unclassified,946,,,,,4,4
Adult8,I-VT filter,,17354,,Unclassified,946,,,,,4,4
Adult8,I-VT filter,,17357,,Unclassified,946,,,,,4,4
Adult8,I-VT filter,,17361,,Unclassified,946,,,,,4,4
Adult8,I-VT filter,,17364,,Unclassified,946,,,,,4,4
Adult8,I-VT filter,,17367,,Unclassified,946,,,,,4,4
Adult8,I-VT filter,,17370,,Unclassified,946,,,,,4,4
Adult8,I-VT filter,,17374,,Unclassified,946,,,,,4,4
Adult8,I-VT filter,,17377,,Unclassified,946,,,,,4,4
Adult8,I-VT filter,,17380,,Unclassified,946,,,,,4,4
Adult8,I-VT filter,,17384,,Unclassified,946,,,,,4,4
Adult8,I-VT filter,,17387,,Unclassified,946,,,,,4,4
Adult8,I-VT filter,,17390,,Unclassified,946,,,,,4,4
Adult8,I-VT filter,,17394,,Unclassified,946,,,,,4,4
Adult8,I-VT filter,,17397,,Unclassified,946,,,,,4,4
Adult8,I-VT filter,,17400,,Unclassified,946,,,,,4,4
Adult8,I-VT filter,,17404,,Unclassified,946,,,,,4,4
Adult8,I-VT filter,,17407,,Unclassified,946,,,,,4,4
Adult8,I-VT filter,,17410,,Unclassified,946,,,,,4,4
Adult8,I-VT filter,,17414,,Unclassified,946,,,,,4,4
Adult8,I-VT filter,,17417,,Unclassified,946,,,,,4,4
Adult8,I-VT filter,,17420,,Unclassified,946,,,,,4,4
Adult8,I-VT filter,,17424,,Unclassified,946,,,,,4,4
Adult8,I-VT filter,,17427,,Unclassified,946,,,,,4,4
Adult8,I-VT filter,,17430,,Unclassified,946,,,,,4,4
Adult8,I-VT filter,,17434,,Unclassified,946,,,,,4,4
Adult8,I-VT filter,,17437,,Unclassified,946,,,,,4,4
Adult8,I-VT filter,,17440,,Unclassified,946,,,,,4,4
Adult8,I-VT filter,,17444,,Unclassified,946,,,,,4,4
Adult8,I-VT filter,,17447,,Unclassified,946,,,,,4,4
Adult8,I-VT filter,,17450,,Unclassified,946,,,,,4,4
Adult8,I-VT filter,,17454,,Unclassified,946,,,,,4,4
Adult8,I-VT filter,,17457,,Unclassified,946,,,,,4,4
Adult8,I-VT filter,,17460,,Unclassified,946,,,,,4,4
Adult8,I-VT filter,,17464,,Unclassified,946,,,,,4,4
Adult8,I-VT filter,,17467,,Unclassified,946,,,,,4,4
Adult8,I-VT filter,,17470,,Unclassified,946,,,,,4,4
Adult8,I-VT filter,,17474,,Unclassified,946,,,,,4,4
Adult8,I-VT filter,,17477,,Unclassified,946,,,,,4,4
Adult8,I-VT filter,,17480,,Unclassified,946,,,,,4,4
Adult8,I-VT filter,,17484,,Unclassified,946,,,,,4,4
Adult8,I-VT filter,,17487,,Unclassified,946,,,,,4,4
Adult8,I-VT filter,,17490,,Unclassified,946,,,,,4,4
Adult8,I-VT filter,,17494,,Unclassified,946,,,,,4,4
Adult8,I-VT filter,,17497,,Unclassified,946,,,,,4,4
Adult8,I-VT filter,,17500,,Unclassified,946,,,,,4,4
Adult8,I-VT filter,,17504,,Unclassified,946,,,,,4,4
Adult8,I-VT filter,,17507,,Unclassified,946,,,,,4,4
Adult8,I-VT filter,,17510,,Unclassified,946,,,,,4,4
Adult8,I-VT filter,,17514,,Unclassified,946,,,,,4,4
Adult8,I-VT filter,,17517,,Unclassified,946,,,,,4,4
Adult8,I-VT filter,,17520,,Unclassified,946,,,,,4,4
Adult8,I-VT filter,,17524,,Unclassified,946,,,,,4,4
Adult8,I-VT filter,,17527,,Unclassified,946,,,,,4,4
Adult8,I-VT filter,,17530,,Unclassified,946,,,,,4,4
Adult8,I-VT filter,,17534,,Unclassified,946,,,,,4,4
Adult8,I-VT filter,,17537,,Unclassified,946,,,,,4,4
Adult8,I-VT filter,,17540,,Unclassified,946,,,,,4,4
Adult8,I-VT filter,,17544,,Unclassified,946,,,,,4,4
Adult8,I-VT filter,,17547,,Unclassified,946,,,,,4,4
Adult8,I-VT filter,,17550,,Unclassified,946,,,,,4,4
Adult8,I-VT filter,,17554,,Unclassified,946,,,,,4,4
Adult8,I-VT filter,,17557,,Unclassified,946,,,,,4,4
Adult8,I-VT filter,,17560,,Unclassified,946,,,,,4,4
Adult8,I-VT filter,,17564,,Unclassified,946,,,,,4,4
Adult8,I-VT filter,,17567,,Unclassified,946,,,,,4,4
Adult8,I-VT filter,,17570,,Unclassified,946,,,,,4,4
Adult8,I-VT filter,,17574,,Unclassified,946,,,,,4,4
Adult8,I-VT filter,,17577,,Unclassified,946,,,,,4,4
Adult8,I-VT filter,,17580,,Unclassified,946,,,,,4,4
Adult8,I-VT filter,,17584,,Unclassified,946,,,,,4,4
Adult8,I-VT filter,,17587,,Unclassified,946,,,,,4,4
Adult8,I-VT filter,,17590,,Unclassified,946,,,,,4,4
Adult8,I-VT filter,,17594,,Unclassified,946,,,,,4,4
Adult8,I-VT filter,,17597,,Unclassified,946,,,,,4,4
Adult8,I-VT filter,,17600,,Unclassified,946,,,,,4,4
Adult8,I-VT filter,,17604,,Unclassified,946,,,,,4,4
Adult8,I-VT filter,,17607,,Unclassified,946,,,,,4,4
Adult8,I-VT filter,,17610,,Unclassified,946,,,,,4,4
Adult8,I-VT filter,,17614,,Unclassified,946,,,,,4,4
Adult8,I-VT filter,,17617,,Unclassified,946,,,,,4,4
Adult8,I-VT filter,,17620,,Unclassified,946,,,,,4,4
Adult8,I-VT filter,,17624,,Unclassified,946,,,,,4,4
Adult8,I-VT filter,,17627,,Unclassified,946,,,,,4,4
Adult8,I-VT filter,,17630,,Unclassified,946,,,,,4,4
Adult8,I-VT filter,,17634,,Unclassified,946,,,,,4,4
Adult8,I-VT filter,,17637,,Unclassified,946,,,,,4,4
Adult8,I-VT filter,,17640,,Unclassified,946,,,,,4,4
Adult8,I-VT filter,,17644,,Unclassified,946,,,,,4,4
Adult8,I-VT filter,,17647,,Unclassified,946,,,,,4,4
Adult8,I-VT filter,,17650,,Unclassified,946,,,,,4,4
Adult8,I-VT filter,,17654,,Unclassified,946,,,,,4,4
Adult8,I-VT filter,,17657,,Unclassified,946,,,,,4,4
Adult8,I-VT filter,,17660,,Unclassified,946,,,,,4,4
Adult8,I-VT filter,,17664,,Unclassified,946,,,,,4,4
Adult8,I-VT filter,,17667,,Unclassified,946,,,,,4,4
Adult8,I-VT filter,,17670,,Unclassified,946,,,,,4,4
Adult8,I-VT filter,,17674,,Unclassified,946,,,,,4,4
Adult8,I-VT filter,,17677,,Unclassified,946,,,,,4,4
Adult8,I-VT filter,,17680,,Unclassified,946,,,,,4,4
Adult8,I-VT filter,,17684,,Unclassified,946,,,,,4,4
Adult8,I-VT filter,,17687,,Unclassified,946,,,,,4,4
Adult8,I-VT filter,,17690,,Unclassified,946,,,,,4,4
Adult8,I-VT filter,,17694,,Unclassified,946,,,,,4,4
Adult8,I-VT filter,,17697,,Unclassified,946,,,,,4,4
Adult8,I-VT filter,,17700,,Unclassified,10,946,1472,787.33,787.33,3,1
Adult8,I-VT filter,,17704,,Unclassified,10,933,1448,774.64,774.64,3,1
Adult8,I-VT filter,,17707,,Unclassified,10,1054,926,739.72,739.72,3,1
Adult8,I-VT filter,,17710,,Saccade,20,1066,919,733.71,733.71,3,1
Adult8,I-VT filter,,17714,,Saccade,20,1071,915,727.52,727.52,3,1
Adult8,I-VT filter,,17717,,Saccade,20,1211,997,635.34,635.34,1,3
Adult8,I-VT filter,,17720,,Saccade,20,1184,999,635.88,635.88,1,3
Adult8,I-VT filter,,17724,,Saccade,20,1184,988,625.52,625.52,1,3
Adult8,I-VT filter,,17727,,Saccade,20,1075,1033,639.03,639.03,1,3
Adult8,I-VT filter,,17730,,Unclassified,10,1018,1023,632.61,632.61,1,3
Adult8,I-VT filter,,17734,,Unclassified,10,1033,1034,625.79,625.79,1,3
Adult8,I-VT filter,,17737,,Unclassified,10,982,1032,635.88,635.88,1,3
Adult8,I-VT filter,,17740,,Unclassified,3,,,,,4,4
Adult8,I-VT filter,,17744,,Unclassified,7,1000,1027,623.06,623.06,1,3
Adult8,I-VT filter,,17747,,Unclassified,7,1022,1002,620.6,620.6,1,3
Adult8,I-VT filter,,17750,,Unclassified,3,,,,,4,4
Adult8,I-VT filter,,17754,,Unclassified,7,919,1060,636.85,636.85,1,3
Adult8,I-VT filter,,17757,,Unclassified,7,961,1074,627.75,627.75,1,3
Adult8,I-VT filter,,17760,,Unclassified,7,,,,,4,4
Adult8,I-VT filter,,17764,,Unclassified,7,,,,,4,4
Adult8,I-VT filter,,17767,,Unclassified,3,949,1086,637.94,637.94,1,3
Adult8,I-VT filter,,17770,,Unclassified,10,,,,,4,4
Adult8,I-VT filter,,17774,,Unclassified,10,,,,,4,4
Adult8,I-VT filter,,17777,,Unclassified,10,,,,,4,4
Adult8,I-VT filter,,17780,,Unclassified,10,987,1057,628.52,628.52,1,3
Adult8,I-VT filter,,17784,,Unclassified,10,998,1066,624.8,624.8,1,3
Adult8,I-VT filter,,17787,,Unclassified,10,965,1070,642.68,642.68,1,3
Adult8,I-VT filter,,17790,,Saccade,27,954,969,642.69,642.69,3,1
Adult8,I-VT filter,,17794,,Saccade,27,988,975,642.68,642.68,3,1
Adult8,I-VT filter,,17797,,Saccade,27,1019,979,642.68,642.68,3,1
Adult8,I-VT filter,,17800,,Saccade,27,965,992,642.67,642.67,3,1
Adult8,I-VT filter,,17804,,Saccade,27,1010,1001,642.67,642.67,3,1
Adult8,I-VT filter,,17807,,Saccade,27,939,992,642.66,642.66,3,1
Adult8,I-VT filter,,17810,,Saccade,27,949,992,642.65,642.65,3,1
Adult8,I-VT filter,,17814,,Saccade,27,941,1010,642.64,642.64,3,1
Adult8,I-VT filter,,17817,,Unclassified,10,944,988,642.64,642.64,3,1
Adult8,I-VT filter,,17820,,Unclassified,10,929,1007,642.63,642.63,3,1
Adult8,I-VT filter,,17824,,Unclassified,10,930,970,718.98,718.98,3,1
Adult8,I-VT filter,,17827,,Unclassified,13,,,,,4,4
Adult8,I-VT filter,,17830,,Unclassified,13,,,,,4,4
Adult8,I-VT filter,,17834,,Unclassified,13,,,,,4,4
Adult8,I-VT filter,,17837,,Unclassified,13,,,,,4,4
Adult8,I-VT filter,,17840,,Unclassified,10,925,1104,626.9,626.9,3,1
Adult8,I-VT filter,,17844,,Unclassified,10,918,1131,620.66,620.66,3,1
Adult8,I-VT filter,,17847,,Unclassified,10,948,1109,620.3,620.3,3,1
Adult8,I-VT filter,,17850,,Unclassified,3,,,,,4,4
Adult8,I-VT filter,,17854,,Unclassified,10,917,1105,620.86,620.86,3,1
Adult8,I-VT filter,,17857,,Unclassified,10,927,1109,631.23,631.23,3,1
Adult8,I-VT filter,,17860,,Unclassified,10,968,1088,628.05,628.05,3,1
Adult8,I-VT filter,,17864,,Saccade,20,999,1094,568.94,568.94,3,1
Adult8,I-VT filter,,17867,,Saccade,20,999,1112,561.91,561.91,3,1
Adult8,I-VT filter,,17870,,Saccade,20,1004,1118,557.83,557.83,3,1
Adult8,I-VT filter,,17874,,Saccade,20,945,1479,674.22,674.22,3,1
Adult8,I-VT filter,,17877,,Saccade,20,930,1526,694.05,694.05,3,1
Adult8,I-VT filter,,17880,,Saccade,20,938,1499,689.14,689.14,3,1
Adult8,I-VT filter,,17884,,Unclassified,10,994,1514,694.95,694.95,3,1
Adult8,I-VT filter,,17887,,Unclassified,10,988,1548,703.52,703.52,3,1
Adult8,I-VT filter,,17890,,Unclassified,10,950,1489,650.57,650.57,3,1
Adult8,I-VT filter,,17894,,Unclassified,7,,,,,4,4
Adult8,I-VT filter,,17897,,Unclassified,7,,,,,4,4
Adult8,I-VT filter,,17900,,Unclassified,13,875,1559,697.24,697.24,3,1
Adult8,I-VT filter,,17904,,Unclassified,13,858,1518,679.01,679.01,3,1
Adult8,I-VT filter,,17907,,Unclassified,13,860,1524,682.97,682.97,3,1
Adult8,I-VT filter,,17910,,Unclassified,13,922,1511,665.66,665.66,3,1
Adult8,I-VT filter,,17914,,Unclassified,3,,,,,4,4
Adult8,I-VT filter,,17917,,Unclassified,20,925,1504,670.15,670.15,3,1
Adult8,I-VT filter,,17920,,Unclassified,20,954,1506,693.01,693.01,3,1
Adult8,I-VT filter,,17924,,Unclassified,20,948,1521,693.46,693.46,3,1
Adult8,I-VT filter,,17927,,Unclassified,20,948,1526,696.32,696.32,3,1
Adult8,I-VT filter,,17930,,Unclassified,20,933,1490,677.81,677.81,3,1
Adult8,I-VT filter,,17934,,Unclassified,20,708,1521,734.48,734.48,3,1
Adult8,I-VT filter,,17937,,Unclassified,3,,,,,4,4
Adult8,I-VT filter,,17940,,Unclassified,3,924,1493,678.75,678.75,3,1
Adult8,I-VT filter,,17944,,Unclassified,3,,,,,4,4
Adult8,I-VT filter,,17947,,Unclassified,10,947,1487,685.09,685.09,3,1
Adult8,I-VT filter,,17950,,Unclassified,10,975,1496,682.61,682.61,3,1
Adult8,I-VT filter,,17954,,Unclassified,10,968,1486,672.06,672.06,3,1
Adult8,I-VT filter,,17957,,Unclassified,3,,,,,4,4
Adult8,I-VT filter,,17960,,Unclassified,3,999,1462,666.9,666.9,3,1
Adult8,I-VT filter,,17964,,Unclassified,7,,,,,4,4
Adult8,I-VT filter,,17967,,Unclassified,7,,,,,4,4
Adult8,I-VT filter,,17970,,Unclassified,10,893,1483,684.88,684.88,3,1
Adult8,I-VT filter,,17974,,Unclassified,10,892,994,731.09,731.09,3,1
Adult8,I-VT filter,,17977,,Unclassified,10,917,993,721.68,721.68,3,1
Adult8,I-VT filter,,17980,,Saccade,7,907,983,733.25,733.25,3,1
Adult8,I-VT filter,,17984,,Saccade,7,902,957,717.73,717.73,3,1
Adult8,I-VT filter,,17987,,Unclassified,10,908,1025,718.06,718.06,3,1
Adult8,I-VT filter,,17990,,Unclassified,10,895,950,722.3,722.3,3,1
Adult8,I-VT filter,,17994,,Unclassified,10,914,973,715.72,715.72,3,1
Adult8,I-VT filter,,17997,,Unclassified,7,,,,,4,4
Adult8,I-VT filter,,18000,,Unclassified,7,,,,,4,4
Adult8,I-VT filter,,18004,,Unclassified,10,985,921,730.53,730.53,3,1
Adult8,I-VT filter,,18007,,Unclassified,10,1060,911,722.09,722.09,3,1
Adult8,I-VT filter,,18010,,Unclassified,10,1198,1400,595.14,595.14,1,3
Adult8,I-VT filter,,18014,,Unclassified,3,,,,,4,4
Adult8,I-VT filter,,18017,,Unclassified,3,1219,1396,600.3,600.3,1,3
Adult8,I-VT filter,,18020,,Unclassified,437,,,,,4,4
Adult8,I-VT filter,,18024,,Unclassified,437,,,,,4,4
Adult8,I-VT filter,,18027,,Unclassified,437,,,,,4,4
Adult8,I-VT filter,,18030,,Unclassified,437,,,,,4,4
Adult8,I-VT filter,,18034,,Unclassified,437,,,,,4,4
Adult8,I-VT filter,,18037,,Unclassified,437,,,,,4,4
Adult8,I-VT filter,,18040,,Unclassified,437,,,,,4,4
Adult8,I-VT filter,,18044,,Unclassified,437,,,,,4,4
Adult8,I-VT filter,,18047,,Unclassified,437,,,,,4,4
Adult8,I-VT filter,,18050,,Unclassified,437,,,,,4,4
Adult8,I-VT filter,,18054,,Unclassified,437,,,,,4,4
Adult8,I-VT filter,,18057,,Unclassified,437,,,,,4,4
Adult8,I-VT filter,,18060,,Unclassified,437,,,,,4,4
Adult8,I-VT filter,,18064,,Unclassified,437,,,,,4,4
Adult8,I-VT filter,,18067,,Unclassified,437,,,,,4,4
Adult8,I-VT filter,,18070,,Unclassified,437,,,,,4,4
Adult8,I-VT filter,,18074,,Unclassified,437,,,,,4,4
Adult8,I-VT filter,,18077,,Unclassified,437,,,,,4,4
Adult8,I-VT filter,,18080,,Unclassified,437,,,,,4,4
Adult8,I-VT filter,,18084,,Unclassified,437,,,,,4,4
Adult8,I-VT filter,,18087,,Unclassified,437,,,,,4,4
Adult8,I-VT filter,,18090,,Unclassified,437,,,,,4,4
Adult8,I-VT filter,,18094,,Unclassified,437,,,,,4,4
Adult8,I-VT filter,,18097,,Unclassified,437,,,,,4,4
Adult8,I-VT filter,,18100,,Unclassified,437,,,,,4,4
Adult8,I-VT filter,,18104,,Unclassified,437,,,,,4,4
Adult8,I-VT filter,,18107,,Unclassified,437,,,,,4,4
Adult8,I-VT filter,,18110,,Unclassified,437,,,,,4,4
Adult8,I-VT filter,,18114,,Unclassified,437,,,,,4,4
Adult8,I-VT filter,,18117,,Unclassified,437,,,,,4,4
Adult8,I-VT filter,,18120,,Unclassified,437,,,,,4,4
Adult8,I-VT filter,,18124,,Unclassified,437,,,,,4,4
Adult8,I-VT filter,,18127,,Unclassified,437,,,,,4,4
Adult8,I-VT filter,,18130,,Unclassified,437,,,,,4,4
Adult8,I-VT filter,,18134,,Unclassified,437,,,,,4,4
Adult8,I-VT filter,,18137,,Unclassified,437,,,,,4,4
Adult8,I-VT filter,,18140,,Unclassified,437,,,,,4,4
Adult8,I-VT filter,,18144,,Unclassified,437,,,,,4,4
Adult8,I-VT filter,,18147,,Unclassified,437,,,,,4,4
Adult8,I-VT filter,,18150,,Unclassified,437,,,,,4,4
Adult8,I-VT filter,,18154,,Unclassified,437,,,,,4,4
Adult8,I-VT filter,,18157,,Unclassified,437,,,,,4,4
Adult8,I-VT filter,,18160,,Unclassified,437,,,,,4,4
Adult8,I-VT filter,,18164,,Unclassified,437,,,,,4,4
Adult8,I-VT filter,,18167,,Unclassified,437,,,,,4,4
Adult8,I-VT filter,,18170,,Unclassified,437,,,,,4,4
Adult8,I-VT filter,,18174,,Unclassified,437,,,,,4,4
Adult8,I-VT filter,,18177,,Unclassified,437,,,,,4,4
Adult8,I-VT filter,,18180,,Unclassified,437,,,,,4,4
Adult8,I-VT filter,,18184,,Unclassified,437,,,,,4,4
Adult8,I-VT filter,,18187,,Unclassified,437,,,,,4,4
Adult8,I-VT filter,,18190,,Unclassified,437,,,,,4,4
Adult8,I-VT filter,,18194,,Unclassified,437,,,,,4,4
Adult8,I-VT filter,,18197,,Unclassified,437,,,,,4,4
Adult8,I-VT filter,,18200,,Unclassified,437,,,,,4,4
Adult8,I-VT filter,,18204,,Unclassified,437,,,,,4,4
Adult8,I-VT filter,,18207,,Unclassified,437,,,,,4,4
Adult8,I-VT filter,,18210,,Unclassified,437,,,,,4,4
Adult8,I-VT filter,,18214,,Unclassified,437,,,,,4,4
Adult8,I-VT filter,,18217,,Unclassified,437,,,,,4,4
Adult8,I-VT filter,,18220,,Unclassified,437,,,,,4,4
Adult8,I-VT filter,,18224,,Unclassified,437,,,,,4,4
Adult8,I-VT filter,,18227,,Unclassified,437,,,,,4,4
Adult8,I-VT filter,,18230,,Unclassified,437,,,,,4,4
Adult8,I-VT filter,,18234,,Unclassified,437,,,,,4,4
Adult8,I-VT filter,,18237,,Unclassified,437,,,,,4,4
Adult8,I-VT filter,,18240,,Unclassified,437,,,,,4,4
Adult8,I-VT filter,,18244,,Unclassified,437,,,,,4,4
Adult8,I-VT filter,,18247,,Unclassified,437,,,,,4,4
Adult8,I-VT filter,,18250,,Unclassified,437,,,,,4,4
Adult8,I-VT filter,,18254,,Unclassified,437,,,,,4,4
Adult8,I-VT filter,,18257,,Unclassified,437,,,,,4,4
Adult8,I-VT filter,,18260,,Unclassified,437,,,,,4,4
Adult8,I-VT filter,,18264,,Unclassified,437,,,,,4,4
Adult8,I-VT filter,,18267,,Unclassified,437,,,,,4,4
Adult8,I-VT filter,,18270,,Unclassified,437,,,,,4,4
Adult8,I-VT filter,,18274,,Unclassified,437,,,,,4,4
Adult8,I-VT filter,,18277,,Unclassified,437,,,,,4,4
Adult8,I-VT filter,,18280,,Unclassified,437,,,,,4,4
Adult8,I-VT filter,,18284,,Unclassified,437,,,,,4,4
Adult8,I-VT filter,,18287,,Unclassified,437,,,,,4,4
Adult8,I-VT filter,,18290,,Unclassified,437,,,,,4,4
Adult8,I-VT filter,,18294,,Unclassified,437,,,,,4,4
Adult8,I-VT filter,,18297,,Unclassified,437,,,,,4,4
Adult8,I-VT filter,,18300,,Unclassified,437,,,,,4,4
Adult8,I-VT filter,,18304,,Unclassified,437,,,,,4,4
Adult8,I-VT filter,,18307,,Unclassified,437,,,,,4,4
Adult8,I-VT filter,,18310,,Unclassified,437,,,,,4,4
Adult8,I-VT filter,,18314,,Unclassified,437,,,,,4,4
Adult8,I-VT filter,,18317,,Unclassified,437,,,,,4,4
Adult8,I-VT filter,,18320,,Unclassified,437,,,,,4,4
Adult8,I-VT filter,,18324,,Unclassified,437,,,,,4,4
Adult8,I-VT filter,,18327,,Unclassified,437,,,,,4,4
Adult8,I-VT filter,,18330,,Unclassified,437,,,,,4,4
Adult8,I-VT filter,,18334,,Unclassified,437,,,,,4,4
Adult8,I-VT filter,,18337,,Unclassified,437,,,,,4,4
Adult8,I-VT filter,,18340,,Unclassified,437,,,,,4,4
Adult8,I-VT filter,,18344,,Unclassified,437,,,,,4,4
Adult8,I-VT filter,,18347,,Unclassified,437,,,,,4,4
Adult8,I-VT filter,,18350,,Unclassified,437,,,,,4,4
Adult8,I-VT filter,,18354,,Unclassified,437,,,,,4,4
Adult8,I-VT filter,,18357,,Unclassified,437,,,,,4,4
Adult8,I-VT filter,,18360,,Unclassified,437,,,,,4,4
Adult8,I-VT filter,,18364,,Unclassified,437,,,,,4,4
Adult8,I-VT filter,,18367,,Unclassified,437,,,,,4,4
Adult8,I-VT filter,,18370,,Unclassified,437,,,,,4,4
Adult8,I-VT filter,,18374,,Unclassified,437,,,,,4,4
Adult8,I-VT filter,,18377,,Unclassified,437,,,,,4,4
Adult8,I-VT filter,,18380,,Unclassified,437,,,,,4,4
Adult8,I-VT filter,,18384,,Unclassified,437,,,,,4,4
Adult8,I-VT filter,,18387,,Unclassified,437,,,,,4,4
Adult8,I-VT filter,,18390,,Unclassified,437,,,,,4,4
Adult8,I-VT filter,,18394,,Unclassified,437,,,,,4,4
Adult8,I-VT filter,,18397,,Unclassified,437,,,,,4,4
Adult8,I-VT filter,,18400,,Unclassified,437,,,,,4,4
Adult8,I-VT filter,,18404,,Unclassified,437,,,,,4,4
Adult8,I-VT filter,,18407,,Unclassified,437,,,,,4,4
Adult8,I-VT filter,,18410,,Unclassified,437,,,,,4,4
Adult8,I-VT filter,,18414,,Unclassified,437,,,,,4,4
Adult8,I-VT filter,,18417,,Unclassified,437,,,,,4,4
Adult8,I-VT filter,,18420,,Unclassified,437,,,,,4,4
Adult8,I-VT filter,,18424,,Unclassified,437,,,,,4,4
Adult8,I-VT filter,,18427,,Unclassified,437,,,,,4,4
Adult8,I-VT filter,,18430,,Unclassified,437,,,,,4,4
Adult8,I-VT filter,,18434,,Unclassified,437,,,,,4,4
Adult8,I-VT filter,,18437,,Unclassified,437,,,,,4,4
Adult8,I-VT filter,,18440,,Unclassified,437,,,,,4,4
Adult8,I-VT filter,,18444,,Unclassified,437,,,,,4,4
Adult8,I-VT filter,,18447,,Unclassified,437,,,,,4,4
Adult8,I-VT filter,,18450,,Unclassified,437,,,,,4,4
Adult8,I-VT filter,,18454,,Unclassified,437,,,,,4,4
Adult8,I-VT filter,,18457,,Unclassified,3,901,1924,1047.01,1047.01,3,1
Adult8,I-VT filter,,18460,,Unclassified,7,,,,,4,4
Adult8,I-VT filter,,18464,,Unclassified,7,,,,,4,4
Adult8,I-VT filter,,18467,,Unclassified,3,1085,1901,1065.23,1065.23,3,1
Adult8,I-VT filter,,18470,,Unclassified,17,,,,,4,4
Adult8,I-VT filter,,18474,,Unclassified,17,,,,,4,4
Adult8,I-VT filter,,18477,,Unclassified,17,,,,,4,4
Adult8,I-VT filter,,18480,,Unclassified,17,,,,,4,4
Adult8,I-VT filter,,18484,,Unclassified,17,,,,,4,4
Adult8,I-VT filter,,18487,,Unclassified,3,796,1967,1070.03,1070.03,3,1
Adult8,I-VT filter,,18490,,Unclassified,10,,,,,4,4
Adult8,I-VT filter,,18494,,Unclassified,10,,,,,4,4
Adult8,I-VT filter,,18497,,Unclassified,10,,,,,4,4
Adult8,I-VT filter,,18500,,Unclassified,3,796,1005,1052.97,1052.97,3,1
Adult8,I-VT filter,,18504,,Unclassified,50,,,,,4,4
Adult8,I-VT filter,,18507,,Unclassified,50,,,,,4,4
Adult8,I-VT filter,,18510,,Unclassified,50,,,,,4,4
Adult8,I-VT filter,,18514,,Unclassified,50,,,,,4,4
Adult8,I-VT filter,,18517,,Unclassified,50,,,,,4,4
Adult8,I-VT filter,,18520,,Unclassified,50,,,,,4,4
Adult8,I-VT filter,,18524,,Unclassified,50,,,,,4,4
Adult8,I-VT filter,,18527,,Unclassified,50,,,,,4,4
Adult8,I-VT filter,,18530,,Unclassified,50,,,,,4,4
Adult8,I-VT filter,,18534,,Unclassified,50,,,,,4,4
Adult8,I-VT filter,,18537,,Unclassified,50,,,,,4,4
Adult8,I-VT filter,,18540,,Unclassified,50,,,,,4,4
Adult8,I-VT filter,,18544,,Unclassified,50,,,,,4,4
Adult8,I-VT filter,,18547,,Unclassified,50,,,,,4,4
Adult8,I-VT filter,,18550,,Unclassified,50,,,,,4,4
Adult8,I-VT filter,,18554,,Unclassified,7,1078,923,774.75,774.75,3,1
Adult8,I-VT filter,,18557,,Unclassified,7,682,1840,1057.36,1057.36,3,1
Adult8,I-VT filter,,18560,,Unclassified,3,,,,,4,4
Adult8,I-VT filter,,18564,,Unclassified,7,1147,819,763.37,763.37,3,1
Adult8,I-VT filter,,18567,,Unclassified,7,1008,1328,630.29,630.29,3,1
Adult8,I-VT filter,,18570,,Unclassified,37,,,,,4,4
Adult8,I-VT filter,,18574,,Unclassified,37,,,,,4,4
Adult8,I-VT filter,,18577,,Unclassified,37,,,,,4,4
Adult8,I-VT filter,,18580,,Unclassified,37,,,,,4,4
Adult8,I-VT filter,,18584,,Unclassified,37,,,,,4,4
Adult8,I-VT filter,,18587,,Unclassified,37,,,,,4,4
Adult8,I-VT filter,,18590,,Unclassified,37,,,,,4,4
Adult8,I-VT filter,,18594,,Unclassified,37,,,,,4,4
Adult8,I-VT filter,,18597,,Unclassified,37,,,,,4,4
Adult8,I-VT filter,,18600,,Unclassified,37,,,,,4,4
Adult8,I-VT filter,,18604,,Unclassified,37,,,,,4,4
Adult8,I-VT filter,,18607,,Unclassified,10,972,910,777.96,777.96,3,1
Adult8,I-VT filter,,18610,,Unclassified,10,1007,886,776.01,776.01,3,1
Adult8,I-VT filter,,18614,,Unclassified,10,1037,846,779.48,779.48,3,1
Adult8,I-VT filter,,18617,,Unclassified,7,,,,,4,4
Adult8,I-VT filter,,18620,,Unclassified,7,,,,,4,4
Adult8,I-VT filter,,18624,,Unclassified,3,1011,867,778.74,778.74,3,1
Adult8,I-VT filter,,18627,,Unclassified,27,,,,,4,4
Adult8,I-VT filter,,18630,,Unclassified,27,,,,,4,4
Adult8,I-VT filter,,18634,,Unclassified,27,,,,,4,4
Adult8,I-VT filter,,18637,,Unclassified,27,,,,,4,4
Adult8,I-VT filter,,18640,,Unclassified,27,,,,,4,4
Adult8,I-VT filter,,18644,,Unclassified,27,,,,,4,4
Adult8,I-VT filter,,18647,,Unclassified,27,,,,,4,4
Adult8,I-VT filter,,18650,,Unclassified,27,,,,,4,4
Adult8,I-VT filter,,18654,,Unclassified,7,985,869,801.48,801.48,3,1
Adult8,I-VT filter,,18657,,Unclassified,7,981,869,798.64,798.64,3,1
Adult8,I-VT filter,,18660,,Unclassified,3,,,,,4,4
Adult8,I-VT filter,,18664,,Unclassified,3,1019,856,799.4,799.4,3,1
Adult8,I-VT filter,,18667,,Unclassified,3,,,,,4,4
Adult8,I-VT filter,,18670,,Unclassified,3,919,790,799.24,799.24,3,1
Adult8,I-VT filter,,18674,,Unclassified,40,,,,,4,4
Adult8,I-VT filter,,18677,,Unclassified,40,,,,,4,4
Adult8,I-VT filter,,18680,,Unclassified,40,,,,,4,4
Adult8,I-VT filter,,18684,,Unclassified,40,,,,,4,4
Adult8,I-VT filter,,18687,,Unclassified,40,,,,,4,4
Adult8,I-VT filter,,18690,,Unclassified,40,,,,,4,4
Adult8,I-VT filter,,18694,,Unclassified,40,,,,,4,4
Adult8,I-VT filter,,18697,,Unclassified,40,,,,,4,4
Adult8,I-VT filter,,18700,,Unclassified,40,,,,,4,4
Adult8,I-VT filter,,18704,,Unclassified,40,,,,,4,4
Adult8,I-VT filter,,18707,,Unclassified,40,,,,,4,4
Adult8,I-VT filter,,18710,,Unclassified,40,,,,,4,4
Adult8,I-VT filter,,18714,,Unclassified,3,1021,851,790.09,790.09,3,1
Adult8,I-VT filter,,18717,,Unclassified,3,,,,,4,4
Adult8,I-VT filter,,18720,,Unclassified,3,982,863,788.45,788.45,3,1
Adult8,I-VT filter,,18724,,Unclassified,7,,,,,4,4
Adult8,I-VT filter,,18727,,Unclassified,7,,,,,4,4
Adult8,I-VT filter,,18730,,Unclassified,3,1018,872,792.43,792.43,3,1
Adult8,I-VT filter,,18734,,Unclassified,3,,,,,4,4
Adult8,I-VT filter,,18737,,Unclassified,3,994,809,791.33,791.33,3,1
Adult8,I-VT filter,,18740,,Unclassified,7,,,,,4,4
Adult8,I-VT filter,,18744,,Unclassified,7,,,,,4,4
Adult8,I-VT filter,,18747,,Unclassified,10,1065,1013,647.67,647.67,3,1
Adult8,I-VT filter,,18750,,Unclassified,10,1092,979,653.06,653.06,3,1
Adult8,I-VT filter,,18754,,Unclassified,10,1061,994,652,652,3,1
Adult8,I-VT filter,,18757,,Unclassified,20,,,,,4,4
Adult8,I-VT filter,,18760,,Unclassified,20,,,,,4,4
Adult8,I-VT filter,,18764,,Unclassified,20,,,,,4,4
Adult8,I-VT filter,,18767,,Unclassified,20,,,,,4,4
Adult8,I-VT filter,,18770,,Unclassified,20,,,,,4,4
Adult8,I-VT filter,,18774,,Unclassified,20,,,,,4,4
Adult8,I-VT filter,,18777,,Unclassified,3,1069,1111,615.81,615.81,3,1
Adult8,I-VT filter,,18780,,Unclassified,33,,,,,4,4
Adult8,I-VT filter,,18784,,Unclassified,33,,,,,4,4
Adult8,I-VT filter,,18787,,Unclassified,33,,,,,4,4
Adult8,I-VT filter,,18790,,Unclassified,33,,,,,4,4
Adult8,I-VT filter,,18794,,Unclassified,33,,,,,4,4
Adult8,I-VT filter,,18797,,Unclassified,33,,,,,4,4
Adult8,I-VT filter,,18800,,Unclassified,33,,,,,4,4
Adult8,I-VT filter,,18804,,Unclassified,33,,,,,4,4
Adult8,I-VT filter,,18807,,Unclassified,33,,,,,4,4
Adult8,I-VT filter,,18810,,Unclassified,33,,,,,4,4
Adult8,I-VT filter,,18814,,Unclassified,7,973,1314,673.81,673.81,3,1
Adult8,I-VT filter,,18817,,Unclassified,7,902,1363,647.82,647.82,3,1
Adult8,I-VT filter,,18820,,Unclassified,10,,,,,4,4
Adult8,I-VT filter,,18824,,Unclassified,10,,,,,4,4
Adult8,I-VT filter,,18827,,Unclassified,10,,,,,4,4
Adult8,I-VT filter,,18830,,Unclassified,3,954,575,887.52,887.52,3,1
Adult8,I-VT filter,,18834,,Unclassified,787,,,,,4,4
Adult8,I-VT filter,,18837,,Unclassified,787,,,,,4,4
Adult8,I-VT filter,,18840,,Unclassified,787,,,,,4,4
Adult8,I-VT filter,,18844,,Unclassified,787,,,,,4,4
Adult8,I-VT filter,,18847,,Unclassified,787,,,,,4,4
Adult8,I-VT filter,,18850,,Unclassified,787,,,,,4,4
Adult8,I-VT filter,,18854,,Unclassified,787,,,,,4,4
Adult8,I-VT filter,,18857,,Unclassified,787,,,,,4,4
Adult8,I-VT filter,,18860,,Unclassified,787,,,,,4,4
Adult8,I-VT filter,,18864,,Unclassified,787,,,,,4,4
Adult8,I-VT filter,,18867,,Unclassified,787,,,,,4,4
Adult8,I-VT filter,,18870,,Unclassified,787,,,,,4,4
Adult8,I-VT filter,,18874,,Unclassified,787,,,,,4,4
Adult8,I-VT filter,,18877,,Unclassified,787,,,,,4,4
Adult8,I-VT filter,,18880,,Unclassified,787,,,,,4,4
Adult8,I-VT filter,,18884,,Unclassified,787,,,,,4,4
Adult8,I-VT filter,,18887,,Unclassified,787,,,,,4,4
Adult8,I-VT filter,,18890,,Unclassified,787,,,,,4,4
Adult8,I-VT filter,,18894,,Unclassified,787,,,,,4,4
Adult8,I-VT filter,,18897,,Unclassified,787,,,,,4,4
Adult8,I-VT filter,,18900,,Unclassified,787,,,,,4,4
Adult8,I-VT filter,,18904,,Unclassified,787,,,,,4,4
Adult8,I-VT filter,,18907,,Unclassified,787,,,,,4,4
Adult8,I-VT filter,,18910,,Unclassified,787,,,,,4,4
Adult8,I-VT filter,,18914,,Unclassified,787,,,,,4,4
Adult8,I-VT filter,,18917,,Unclassified,787,,,,,4,4
Adult8,I-VT filter,,18920,,Unclassified,787,,,,,4,4
Adult8,I-VT filter,,18924,,Unclassified,787,,,,,4,4
Adult8,I-VT filter,,18927,,Unclassified,787,,,,,4,4
Adult8,I-VT filter,,18930,,Unclassified,787,,,,,4,4
Adult8,I-VT filter,,18934,,Unclassified,787,,,,,4,4
Adult8,I-VT filter,,18937,,Unclassified,787,,,,,4,4
Adult8,I-VT filter,,18940,,Unclassified,787,,,,,4,4
Adult8,I-VT filter,,18944,,Unclassified,787,,,,,4,4
Adult8,I-VT filter,,18947,,Unclassified,787,,,,,4,4
Adult8,I-VT filter,,18950,,Unclassified,787,,,,,4,4
Adult8,I-VT filter,,18954,,Unclassified,787,,,,,4,4
Adult8,I-VT filter,,18957,,Unclassified,787,,,,,4,4
Adult8,I-VT filter,,18960,,Unclassified,787,,,,,4,4
Adult8,I-VT filter,,18964,,Unclassified,787,,,,,4,4
Adult8,I-VT filter,,18967,,Unclassified,787,,,,,4,4
Adult8,I-VT filter,,18970,,Unclassified,787,,,,,4,4
Adult8,I-VT filter,,18974,,Unclassified,787,,,,,4,4
Adult8,I-VT filter,,18977,,Unclassified,787,,,,,4,4
Adult8,I-VT filter,,18980,,Unclassified,787,,,,,4,4
Adult8,I-VT filter,,18984,,Unclassified,787,,,,,4,4
Adult8,I-VT filter,,18987,,Unclassified,787,,,,,4,4
Adult8,I-VT filter,,18990,,Unclassified,787,,,,,4,4
Adult8,I-VT filter,,18993,,Unclassified,787,,,,,4,4
Adult8,I-VT filter,,18997,,Unclassified,787,,,,,4,4
Adult8,I-VT filter,,19000,,Unclassified,787,,,,,4,4
Adult8,I-VT filter,,19004,,Unclassified,787,,,,,4,4
Adult8,I-VT filter,,19007,,Unclassified,787,,,,,4,4
Adult8,I-VT filter,,19010,,Unclassified,787,,,,,4,4
Adult8,I-VT filter,,19014,,Unclassified,787,,,,,4,4
Adult8,I-VT filter,,19017,,Unclassified,787,,,,,4,4
Adult8,I-VT filter,,19020,,Unclassified,787,,,,,4,4
Adult8,I-VT filter,,19024,,Unclassified,787,,,,,4,4
Adult8,I-VT filter,,19027,,Unclassified,787,,,,,4,4
Adult8,I-VT filter,,19030,,Unclassified,787,,,,,4,4
Adult8,I-VT filter,,19034,,Unclassified,787,,,,,4,4
Adult8,I-VT filter,,19037,,Unclassified,787,,,,,4,4
Adult8,I-VT filter,,19040,,Unclassified,787,,,,,4,4
Adult8,I-VT filter,,19044,,Unclassified,787,,,,,4,4
Adult8,I-VT filter,,19047,,Unclassified,787,,,,,4,4
Adult8,I-VT filter,,19050,,Unclassified,787,,,,,4,4
Adult8,I-VT filter,,19053,,Unclassified,787,,,,,4,4
Adult8,I-VT filter,,19057,,Unclassified,787,,,,,4,4
Adult8,I-VT filter,,19060,,Unclassified,787,,,,,4,4
Adult8,I-VT filter,,19063,,Unclassified,787,,,,,4,4
Adult8,I-VT filter,,19067,,Unclassified,787,,,,,4,4
Adult8,I-VT filter,,19070,,Unclassified,787,,,,,4,4
Adult8,I-VT filter,,19074,,Unclassified,787,,,,,4,4
Adult8,I-VT filter,,19077,,Unclassified,787,,,,,4,4
Adult8,I-VT filter,,19080,,Unclassified,787,,,,,4,4
Adult8,I-VT filter,,19084,,Unclassified,787,,,,,4,4
Adult8,I-VT filter,,19087,,Unclassified,787,,,,,4,4
Adult8,I-VT filter,,19090,,Unclassified,787,,,,,4,4
Adult8,I-VT filter,,19093,,Unclassified,787,,,,,4,4
Adult8,I-VT filter,,19097,,Unclassified,787,,,,,4,4
Adult8,I-VT filter,,19100,,Unclassified,787,,,,,4,4
Adult8,I-VT filter,,19104,,Unclassified,787,,,,,4,4
Adult8,I-VT filter,,19107,,Unclassified,787,,,,,4,4
Adult8,I-VT filter,,19110,,Unclassified,787,,,,,4,4
Adult8,I-VT filter,,19114,,Unclassified,787,,,,,4,4
Adult8,I-VT filter,,19117,,Unclassified,787,,,,,4,4
Adult8,I-VT filter,,19120,,Unclassified,787,,,,,4,4
Adult8,I-VT filter,,19123,,Unclassified,787,,,,,4,4
Adult8,I-VT filter,,19127,,Unclassified,787,,,,,4,4
Adult8,I-VT filter,,19130,,Unclassified,787,,,,,4,4
Adult8,I-VT filter,,19133,,Unclassified,787,,,,,4,4
Adult8,I-VT filter,,19137,,Unclassified,787,,,,,4,4
Adult8,I-VT filter,,19140,,Unclassified,787,,,,,4,4
Adult8,I-VT filter,,19144,,Unclassified,787,,,,,4,4
Adult8,I-VT filter,,19147,,Unclassified,787,,,,,4,4
Adult8,I-VT filter,,19150,,Unclassified,787,,,,,4,4
Adult8,I-VT filter,,19153,,Unclassified,787,,,,,4,4
Adult8,I-VT filter,,19157,,Unclassified,787,,,,,4,4
Adult8,I-VT filter,,19160,,Unclassified,787,,,,,4,4
Adult8,I-VT filter,,19163,,Unclassified,787,,,,,4,4
Adult8,I-VT filter,,19167,,Unclassified,787,,,,,4,4
Adult8,I-VT filter,,19170,,Unclassified,787,,,,,4,4
Adult8,I-VT filter,,19174,,Unclassified,787,,,,,4,4
Adult8,I-VT filter,,19177,,Unclassified,787,,,,,4,4
Adult8,I-VT filter,,19180,,Unclassified,787,,,,,4,4
Adult8,I-VT filter,,19183,,Unclassified,787,,,,,4,4
Adult8,I-VT filter,,19187,,Unclassified,787,,,,,4,4
Adult8,I-VT filter,,19190,,Unclassified,787,,,,,4,4
Adult8,I-VT filter,,19193,,Unclassified,787,,,,,4,4
Adult8,I-VT filter,,19197,,Unclassified,787,,,,,4,4
Adult8,I-VT filter,,19200,,Unclassified,787,,,,,4,4
Adult8,I-VT filter,,19203,,Unclassified,787,,,,,4,4
Adult8,I-VT filter,,19207,,Unclassified,787,,,,,4,4
Adult8,I-VT filter,,19210,,Unclassified,787,,,,,4,4
Adult8,I-VT filter,,19214,,Unclassified,787,,,,,4,4
Adult8,I-VT filter,,19217,,Unclassified,787,,,,,4,4
Adult8,I-VT filter,,19220,,Unclassified,787,,,,,4,4
Adult8,I-VT filter,,19223,,Unclassified,787,,,,,4,4
Adult8,I-VT filter,,19227,,Unclassified,787,,,,,4,4
Adult8,I-VT filter,,19230,,Unclassified,787,,,,,4,4
Adult8,I-VT filter,,19233,,Unclassified,787,,,,,4,4
Adult8,I-VT filter,,19237,,Unclassified,787,,,,,4,4
Adult8,I-VT filter,,19240,,Unclassified,787,,,,,4,4
Adult8,I-VT filter,,19244,,Unclassified,787,,,,,4,4
Adult8,I-VT filter,,19247,,Unclassified,787,,,,,4,4
Adult8,I-VT filter,,19250,,Unclassified,787,,,,,4,4
Adult8,I-VT filter,,19253,,Unclassified,787,,,,,4,4
Adult8,I-VT filter,,19257,,Unclassified,787,,,,,4,4
Adult8,I-VT filter,,19260,,Unclassified,787,,,,,4,4
Adult8,I-VT filter,,19263,,Unclassified,787,,,,,4,4
Adult8,I-VT filter,,19267,,Unclassified,787,,,,,4,4
Adult8,I-VT filter,,19270,,Unclassified,787,,,,,4,4
Adult8,I-VT filter,,19273,,Unclassified,787,,,,,4,4
Adult8,I-VT filter,,19277,,Unclassified,787,,,,,4,4
Adult8,I-VT filter,,19280,,Unclassified,787,,,,,4,4
Adult8,I-VT filter,,19283,,Unclassified,787,,,,,4,4
Adult8,I-VT filter,,19287,,Unclassified,787,,,,,4,4
Adult8,I-VT filter,,19290,,Unclassified,787,,,,,4,4
Adult8,I-VT filter,,19293,,Unclassified,787,,,,,4,4
Adult8,I-VT filter,,19297,,Unclassified,787,,,,,4,4
Adult8,I-VT filter,,19300,,Unclassified,787,,,,,4,4
Adult8,I-VT filter,,19303,,Unclassified,787,,,,,4,4
Adult8,I-VT filter,,19307,,Unclassified,787,,,,,4,4
Adult8,I-VT filter,,19310,,Unclassified,787,,,,,4,4
Adult8,I-VT filter,,19314,,Unclassified,787,,,,,4,4
Adult8,I-VT filter,,19317,,Unclassified,787,,,,,4,4
Adult8,I-VT filter,,19320,,Unclassified,787,,,,,4,4
Adult8,I-VT filter,,19323,,Unclassified,787,,,,,4,4
Adult8,I-VT filter,,19327,,Unclassified,787,,,,,4,4
Adult8,I-VT filter,,19330,,Unclassified,787,,,,,4,4
Adult8,I-VT filter,,19333,,Unclassified,787,,,,,4,4
Adult8,I-VT filter,,19337,,Unclassified,787,,,,,4,4
Adult8,I-VT filter,,19340,,Unclassified,787,,,,,4,4
Adult8,I-VT filter,,19344,,Unclassified,787,,,,,4,4
Adult8,I-VT filter,,19347,,Unclassified,787,,,,,4,4
Adult8,I-VT filter,,19350,,Unclassified,787,,,,,4,4
Adult8,I-VT filter,,19353,,Unclassified,787,,,,,4,4
Adult8,I-VT filter,,19357,,Unclassified,787,,,,,4,4
Adult8,I-VT filter,,19360,,Unclassified,787,,,,,4,4
Adult8,I-VT filter,,19363,,Unclassified,787,,,,,4,4
Adult8,I-VT filter,,19367,,Unclassified,787,,,,,4,4
Adult8,I-VT filter,,19370,,Unclassified,787,,,,,4,4
Adult8,I-VT filter,,19373,,Unclassified,787,,,,,4,4
Adult8,I-VT filter,,19377,,Unclassified,787,,,,,4,4
Adult8,I-VT filter,,19380,,Unclassified,787,,,,,4,4
Adult8,I-VT filter,,19383,,Unclassified,787,,,,,4,4
Adult8,I-VT filter,,19387,,Unclassified,787,,,,,4,4
Adult8,I-VT filter,,19390,,Unclassified,787,,,,,4,4
Adult8,I-VT filter,,19393,,Unclassified,787,,,,,4,4
Adult8,I-VT filter,,19397,,Unclassified,787,,,,,4,4
Adult8,I-VT filter,,19400,,Unclassified,787,,,,,4,4
Adult8,I-VT filter,,19403,,Unclassified,787,,,,,4,4
Adult8,I-VT filter,,19407,,Unclassified,787,,,,,4,4
Adult8,I-VT filter,,19410,,Unclassified,787,,,,,4,4
Adult8,I-VT filter,,19413,,Unclassified,787,,,,,4,4
Adult8,I-VT filter,,19417,,Unclassified,787,,,,,4,4
Adult8,I-VT filter,,19420,,Unclassified,787,,,,,4,4
Adult8,I-VT filter,,19423,,Unclassified,787,,,,,4,4
Adult8,I-VT filter,,19427,,Unclassified,787,,,,,4,4
Adult8,I-VT filter,,19430,,Unclassified,787,,,,,4,4
Adult8,I-VT filter,,19433,,Unclassified,787,,,,,4,4
Adult8,I-VT filter,,19437,,Unclassified,787,,,,,4,4
Adult8,I-VT filter,,19440,,Unclassified,787,,,,,4,4
Adult8,I-VT filter,,19443,,Unclassified,787,,,,,4,4
Adult8,I-VT filter,,19447,,Unclassified,787,,,,,4,4
Adult8,I-VT filter,,19450,,Unclassified,787,,,,,4,4
Adult8,I-VT filter,,19453,,Unclassified,787,,,,,4,4
Adult8,I-VT filter,,19457,,Unclassified,787,,,,,4,4
Adult8,I-VT filter,,19460,,Unclassified,787,,,,,4,4
Adult8,I-VT filter,,19463,,Unclassified,787,,,,,4,4
Adult8,I-VT filter,,19467,,Unclassified,787,,,,,4,4
Adult8,I-VT filter,,19470,,Unclassified,787,,,,,4,4
Adult8,I-VT filter,,19473,,Unclassified,787,,,,,4,4
Adult8,I-VT filter,,19477,,Unclassified,787,,,,,4,4
Adult8,I-VT filter,,19480,,Unclassified,787,,,,,4,4
Adult8,I-VT filter,,19483,,Unclassified,787,,,,,4,4
Adult8,I-VT filter,,19487,,Unclassified,787,,,,,4,4
Adult8,I-VT filter,,19490,,Unclassified,787,,,,,4,4
Adult8,I-VT filter,,19493,,Unclassified,787,,,,,4,4
Adult8,I-VT filter,,19497,,Unclassified,787,,,,,4,4
Adult8,I-VT filter,,19500,,Unclassified,787,,,,,4,4
Adult8,I-VT filter,,19503,,Unclassified,787,,,,,4,4
Adult8,I-VT filter,,19507,,Unclassified,787,,,,,4,4
Adult8,I-VT filter,,19510,,Unclassified,787,,,,,4,4
Adult8,I-VT filter,,19513,,Unclassified,787,,,,,4,4
Adult8,I-VT filter,,19517,,Unclassified,787,,,,,4,4
Adult8,I-VT filter,,19520,,Unclassified,787,,,,,4,4
Adult8,I-VT filter,,19523,,Unclassified,787,,,,,4,4
Adult8,I-VT filter,,19527,,Unclassified,787,,,,,4,4
Adult8,I-VT filter,,19530,,Unclassified,787,,,,,4,4
Adult8,I-VT filter,,19533,,Unclassified,787,,,,,4,4
Adult8,I-VT filter,,19537,,Unclassified,787,,,,,4,4
Adult8,I-VT filter,,19540,,Unclassified,787,,,,,4,4
Adult8,I-VT filter,,19543,,Unclassified,787,,,,,4,4
Adult8,I-VT filter,,19547,,Unclassified,787,,,,,4,4
Adult8,I-VT filter,,19550,,Unclassified,787,,,,,4,4
Adult8,I-VT filter,,19553,,Unclassified,787,,,,,4,4
Adult8,I-VT filter,,19557,,Unclassified,787,,,,,4,4
Adult8,I-VT filter,,19560,,Unclassified,787,,,,,4,4
Adult8,I-VT filter,,19563,,Unclassified,787,,,,,4,4
Adult8,I-VT filter,,19567,,Unclassified,787,,,,,4,4
Adult8,I-VT filter,,19570,,Unclassified,787,,,,,4,4
Adult8,I-VT filter,,19573,,Unclassified,787,,,,,4,4
Adult8,I-VT filter,,19577,,Unclassified,787,,,,,4,4
Adult8,I-VT filter,,19580,,Unclassified,787,,,,,4,4
Adult8,I-VT filter,,19583,,Unclassified,787,,,,,4,4
Adult8,I-VT filter,,19587,,Unclassified,787,,,,,4,4
Adult8,I-VT filter,,19590,,Unclassified,787,,,,,4,4
Adult8,I-VT filter,,19593,,Unclassified,787,,,,,4,4
Adult8,I-VT filter,,19597,,Unclassified,787,,,,,4,4
Adult8,I-VT filter,,19600,,Unclassified,787,,,,,4,4
Adult8,I-VT filter,,19603,,Unclassified,787,,,,,4,4
Adult8,I-VT filter,,19607,,Unclassified,787,,,,,4,4
Adult8,I-VT filter,,19610,,Unclassified,787,,,,,4,4
Adult8,I-VT filter,,19613,,Unclassified,787,,,,,4,4
Adult8,I-VT filter,,19617,,Unclassified,787,,,,,4,4
Adult8,I-VT filter,,19620,,Unclassified,7,812,659,560.01,560.01,1,3
Adult8,I-VT filter,,19623,,Unclassified,7,772,694,560.13,560.13,3,1
Adult8,I-VT filter,,19627,,Unclassified,523,809,718,560.24,560.24,2,2
Adult8,I-VT filter,,19630,,Unclassified,523,768,735,534.48,534.48,2,2
Adult8,I-VT filter,,19633,,Unclassified,523,764,836,534.07,534.07,2,2
Adult8,I-VT filter,,19637,,Unclassified,523,748,828,560.33,560.33,2,2
Adult8,I-VT filter,,19640,,Unclassified,523,761,872,560.43,560.43,2,2
Adult8,I-VT filter,,19643,,Unclassified,523,736,885,560.53,560.53,2,2
Adult8,I-VT filter,,19647,,Unclassified,523,,,,,4,4
Adult8,I-VT filter,,19650,,Unclassified,523,,,,,4,4
Adult8,I-VT filter,,19653,,Unclassified,523,,,,,4,4
Adult8,I-VT filter,,19657,,Unclassified,523,,,,,4,4
Adult8,I-VT filter,,19660,,Unclassified,523,,,,,4,4
Adult8,I-VT filter,,19663,,Unclassified,523,775,827,528.26,528.26,2,2
Adult8,I-VT filter,,19667,,Unclassified,523,,,,,4,4
Adult8,I-VT filter,,19670,,Unclassified,523,,,,,4,4
Adult8,I-VT filter,,19673,,Unclassified,523,788,711,652.19,652.19,2,2
Adult8,I-VT filter,,19677,,Unclassified,523,821,929,528.61,528.61,2,2
Adult8,I-VT filter,,19680,,Unclassified,523,737,912,528.72,528.72,2,2
Adult8,I-VT filter,,19683,,Unclassified,523,,,,,4,4
Adult8,I-VT filter,,19687,,Unclassified,523,,,,,4,4
Adult8,I-VT filter,,19690,,Unclassified,523,,,,,4,4
Adult8,I-VT filter,,19693,,Unclassified,523,,,,,4,4
Adult8,I-VT filter,,19697,,Unclassified,523,,,,,4,4
Adult8,I-VT filter,,19700,,Unclassified,523,,,,,4,4
Adult8,I-VT filter,,19703,,Unclassified,523,,,,,4,4
Adult8,I-VT filter,,19707,,Unclassified,523,,,,,4,4
Adult8,I-VT filter,,19710,,Unclassified,523,,,,,4,4
Adult8,I-VT filter,,19713,,Unclassified,523,,,,,4,4
Adult8,I-VT filter,,19717,,Unclassified,523,,,,,4,4
Adult8,I-VT filter,,19720,,Unclassified,523,,,,,4,4
Adult8,I-VT filter,,19723,,Unclassified,523,,,,,4,4
Adult8,I-VT filter,,19727,,Unclassified,523,,,,,4,4
Adult8,I-VT filter,,19730,,Unclassified,523,,,,,4,4
Adult8,I-VT filter,,19733,,Unclassified,523,,,,,4,4
Adult8,I-VT filter,,19737,,Unclassified,523,,,,,4,4
Adult8,I-VT filter,,19740,,Unclassified,523,,,,,4,4
Adult8,I-VT filter,,19743,,Unclassified,523,,,,,4,4
Adult8,I-VT filter,,19747,,Unclassified,523,,,,,4,4
Adult8,I-VT filter,,19750,,Unclassified,523,,,,,4,4
Adult8,I-VT filter,,19753,,Unclassified,523,,,,,4,4
Adult8,I-VT filter,,19757,,Unclassified,523,,,,,4,4
Adult8,I-VT filter,,19760,,Unclassified,523,,,,,4,4
Adult8,I-VT filter,,19763,,Unclassified,523,,,,,4,4
Adult8,I-VT filter,,19767,,Unclassified,523,,,,,4,4
Adult8,I-VT filter,,19770,,Unclassified,523,,,,,4,4
Adult8,I-VT filter,,19773,,Unclassified,523,,,,,4,4
Adult8,I-VT filter,,19777,,Unclassified,523,,,,,4,4
Adult8,I-VT filter,,19780,,Unclassified,523,,,,,4,4
Adult8,I-VT filter,,19783,,Unclassified,523,,,,,4,4
Adult8,I-VT filter,,19787,,Unclassified,523,,,,,4,4
Adult8,I-VT filter,,19790,,Unclassified,523,,,,,4,4
Adult8,I-VT filter,,19793,,Unclassified,523,,,,,4,4
Adult8,I-VT filter,,19797,,Unclassified,523,,,,,4,4
Adult8,I-VT filter,,19800,,Unclassified,523,,,,,4,4
Adult8,I-VT filter,,19803,,Unclassified,523,,,,,4,4
Adult8,I-VT filter,,19807,,Unclassified,523,,,,,4,4
Adult8,I-VT filter,,19810,,Unclassified,523,,,,,4,4
Adult8,I-VT filter,,19813,,Unclassified,523,,,,,4,4
Adult8,I-VT filter,,19817,,Unclassified,523,,,,,4,4
Adult8,I-VT filter,,19820,,Unclassified,523,,,,,4,4
Adult8,I-VT filter,,19823,,Unclassified,523,,,,,4,4
Adult8,I-VT filter,,19827,,Unclassified,523,,,,,4,4
Adult8,I-VT filter,,19830,,Unclassified,523,,,,,4,4
Adult8,I-VT filter,,19833,,Unclassified,523,,,,,4,4
Adult8,I-VT filter,,19837,,Unclassified,523,,,,,4,4
Adult8,I-VT filter,,19840,,Unclassified,523,,,,,4,4
Adult8,I-VT filter,,19843,,Unclassified,523,,,,,4,4
Adult8,I-VT filter,,19847,,Unclassified,523,,,,,4,4
Adult8,I-VT filter,,19850,,Unclassified,523,,,,,4,4
Adult8,I-VT filter,,19853,,Unclassified,523,,,,,4,4
Adult8,I-VT filter,,19857,,Unclassified,523,,,,,4,4
Adult8,I-VT filter,,19860,,Unclassified,523,,,,,4,4
Adult8,I-VT filter,,19863,,Unclassified,523,,,,,4,4
Adult8,I-VT filter,,19867,,Unclassified,523,,,,,4,4
Adult8,I-VT filter,,19870,,Unclassified,523,,,,,4,4
Adult8,I-VT filter,,19873,,Unclassified,523,,,,,4,4
Adult8,I-VT filter,,19877,,Unclassified,523,,,,,4,4
Adult8,I-VT filter,,19880,,Unclassified,523,,,,,4,4
Adult8,I-VT filter,,19883,,Unclassified,523,,,,,4,4
Adult8,I-VT filter,,19887,,Unclassified,523,,,,,4,4
Adult8,I-VT filter,,19890,,Unclassified,523,,,,,4,4
Adult8,I-VT filter,,19893,,Unclassified,523,,,,,4,4
Adult8,I-VT filter,,19897,,Unclassified,523,,,,,4,4
Adult8,I-VT filter,,19900,,Unclassified,523,,,,,4,4
Adult8,I-VT filter,,19903,,Unclassified,523,,,,,4,4
Adult8,I-VT filter,,19907,,Unclassified,523,,,,,4,4
Adult8,I-VT filter,,19910,,Unclassified,523,,,,,4,4
Adult8,I-VT filter,,19913,,Unclassified,523,,,,,4,4
Adult8,I-VT filter,,19917,,Unclassified,523,,,,,4,4
Adult8,I-VT filter,,19920,,Unclassified,523,,,,,4,4
Adult8,I-VT filter,,19923,,Unclassified,523,,,,,4,4
Adult8,I-VT filter,,19927,,Unclassified,523,,,,,4,4
Adult8,I-VT filter,,19930,,Unclassified,523,,,,,4,4
Adult8,I-VT filter,,19933,,Unclassified,523,,,,,4,4
Adult8,I-VT filter,,19937,,Unclassified,523,,,,,4,4
Adult8,I-VT filter,,19940,,Unclassified,523,,,,,4,4
Adult8,I-VT filter,,19943,,Unclassified,523,,,,,4,4
Adult8,I-VT filter,,19947,,Unclassified,523,,,,,4,4
Adult8,I-VT filter,,19950,,Unclassified,523,,,,,4,4
Adult8,I-VT filter,,19953,,Unclassified,523,,,,,4,4
Adult8,I-VT filter,,19957,,Unclassified,523,,,,,4,4
Adult8,I-VT filter,,19960,,Unclassified,523,,,,,4,4
Adult8,I-VT filter,,19963,,Unclassified,523,,,,,4,4
Adult8,I-VT filter,,19967,,Unclassified,523,,,,,4,4
Adult8,I-VT filter,,19970,,Unclassified,523,,,,,4,4
Adult8,I-VT filter,,19973,,Unclassified,523,,,,,4,4
Adult8,I-VT filter,,19977,,Unclassified,523,,,,,4,4
Adult8,I-VT filter,,19980,,Unclassified,523,,,,,4,4
Adult8,I-VT filter,,19983,,Unclassified,523,,,,,4,4
Adult8,I-VT filter,,19987,,Unclassified,523,,,,,4,4
Adult8,I-VT filter,,19990,,Unclassified,523,,,,,4,4
Adult8,I-VT filter,,19993,,Unclassified,523,,,,,4,4
Adult8,I-VT filter,,19997,,Unclassified,523,,,,,4,4
Adult8,I-VT filter,,20000,,Unclassified,523,,,,,4,4
Adult8,I-VT filter,,20003,,Unclassified,523,,,,,4,4
Adult8,I-VT filter,,20007,,Unclassified,523,,,,,4,4
Adult8,I-VT filter,,20010,,Unclassified,523,,,,,4,4
Adult8,I-VT filter,,20013,,Unclassified,523,,,,,4,4
Adult8,I-VT filter,,20017,,Unclassified,523,,,,,4,4
Adult8,I-VT filter,,20020,,Unclassified,523,,,,,4,4
Adult8,I-VT filter,,20023,,Unclassified,523,,,,,4,4
Adult8,I-VT filter,,20027,,Unclassified,523,,,,,4,4
Adult8,I-VT filter,,20030,,Unclassified,523,,,,,4,4
Adult8,I-VT filter,,20033,,Unclassified,523,,,,,4,4
Adult8,I-VT filter,,20037,,Unclassified,523,,,,,4,4
Adult8,I-VT filter,,20040,,Unclassified,523,,,,,4,4
Adult8,I-VT filter,,20043,,Unclassified,523,,,,,4,4
Adult8,I-VT filter,,20047,,Unclassified,523,,,,,4,4
Adult8,I-VT filter,,20050,,Unclassified,523,,,,,4,4
Adult8,I-VT filter,,20053,,Unclassified,523,,,,,4,4
Adult8,I-VT filter,,20057,,Unclassified,523,,,,,4,4
Adult8,I-VT filter,,20060,,Unclassified,523,,,,,4,4
Adult8,I-VT filter,,20063,,Unclassified,523,,,,,4,4
Adult8,I-VT filter,,20067,,Unclassified,523,,,,,4,4
Adult8,I-VT filter,,20070,,Unclassified,523,,,,,4,4
Adult8,I-VT filter,,20073,,Unclassified,523,,,,,4,4
Adult8,I-VT filter,,20077,,Unclassified,523,,,,,4,4
Adult8,I-VT filter,,20080,,Unclassified,523,,,,,4,4
Adult8,I-VT filter,,20083,,Unclassified,523,,,,,4,4
Adult8,I-VT filter,,20087,,Unclassified,523,,,,,4,4
Adult8,I-VT filter,,20090,,Unclassified,523,,,,,4,4
Adult8,I-VT filter,,20093,,Unclassified,523,,,,,4,4
Adult8,I-VT filter,,20097,,Unclassified,523,358,1094,552.81,552.81,2,2
Adult8,I-VT filter,,20100,,Unclassified,523,,,,,4,4
Adult8,I-VT filter,,20103,,Unclassified,523,,,,,4,4
Adult8,I-VT filter,,20107,,Unclassified,523,394,1186,557.94,557.94,2,2
Adult8,I-VT filter,,20110,,Unclassified,523,405,1199,559.91,559.91,2,2
Adult8,I-VT filter,,20113,,Unclassified,523,,,,,4,4
Adult8,I-VT filter,,20117,,Unclassified,523,,,,,4,4
Adult8,I-VT filter,,20120,,Unclassified,523,,,,,4,4
Adult8,I-VT filter,,20123,,Unclassified,523,,,,,4,4
Adult8,I-VT filter,,20127,,Unclassified,523,,,,,4,4
Adult8,I-VT filter,,20130,,Unclassified,523,454,1224,562.27,562.27,2,2
Adult8,I-VT filter,,20133,,Unclassified,523,,,,,4,4
Adult8,I-VT filter,,20137,,Unclassified,523,,,,,4,4
Adult8,I-VT filter,,20140,,Unclassified,523,,,,,4,4
Adult8,I-VT filter,,20143,,Unclassified,523,,,,,4,4
Adult8,I-VT filter,,20147,,Unclassified,523,,,,,4,4
Adult8,I-VT filter,,20150,,Unclassified,10,453,1274,569.52,569.52,0,0
Adult8,I-VT filter,,20153,,Unclassified,10,446,1279,569.7,569.7,0,0
Adult8,I-VT filter,,20157,,Unclassified,10,447,1270,569.79,569.79,0,0
Adult8,I-VT filter,,20160,32,Fixation,83,448,1277,569.87,569.87,0,0
Adult8,I-VT filter,,20163,32,Fixation,83,440,1277,569.96,569.96,0,0
Adult8,I-VT filter,,20167,32,Fixation,83,441,1277,570.08,570.08,0,0
Adult8,I-VT filter,,20170,32,Fixation,83,447,1280,570.17,570.17,0,0
Adult8,I-VT filter,,20173,32,Fixation,83,441,1270,570.23,570.23,0,0
Adult8,I-VT filter,,20177,32,Fixation,83,446,1275,570.29,570.29,0,0
Adult8,I-VT filter,,20180,32,Fixation,83,447,1272,570.36,570.36,0,0
Adult8,I-VT filter,,20183,32,Fixation,83,444,1276,570.43,570.43,0,0
Adult8,I-VT filter,,20187,32,Fixation,83,440,1271,570.48,570.48,0,0
Adult8,I-VT filter,,20190,32,Fixation,83,433,1267,570.56,570.56,0,0
Adult8,I-VT filter,,20193,32,Fixation,83,431,1270,570.63,570.63,0,0
Adult8,I-VT filter,,20197,32,Fixation,83,430,1271,570.68,570.68,0,0
Adult8,I-VT filter,,20200,32,Fixation,83,430,1267,570.75,570.75,0,0
Adult8,I-VT filter,,20203,32,Fixation,83,435,1273,570.78,570.78,0,0
Adult8,I-VT filter,,20207,32,Fixation,83,430,1267,570.78,570.78,0,0
Adult8,I-VT filter,,20210,32,Fixation,83,427,1269,570.75,570.75,0,0
Adult8,I-VT filter,,20213,32,Fixation,83,430,1265,570.83,570.83,0,0
Adult8,I-VT filter,,20217,32,Fixation,83,432,1273,570.85,570.85,0,0
Adult8,I-VT filter,,20220,32,Fixation,83,434,1265,570.78,570.78,0,0
Adult8,I-VT filter,,20223,32,Fixation,83,433,1272,570.81,570.81,0,0
Adult8,I-VT filter,,20227,32,Fixation,83,435,1268,570.8,570.8,0,0
Adult8,I-VT filter,,20230,32,Fixation,83,428,1274,570.76,570.76,0,0
Adult8,I-VT filter,,20233,32,Fixation,83,427,1276,570.79,570.79,0,0
Adult8,I-VT filter,,20237,32,Fixation,83,430,1276,570.77,570.77,0,0
Adult8,I-VT filter,,20240,32,Fixation,83,433,1279,570.67,570.67,0,0
Adult8,I-VT filter,,20243,,Saccade,10,427,1280,570.68,570.68,0,0
Adult8,I-VT filter,,20247,,Saccade,10,426,1283,570.64,570.64,0,0
Adult8,I-VT filter,,20250,,Saccade,10,429,1267,570.57,570.57,0,0
Adult8,I-VT filter,,20253,,Unclassified,7,441,1228,570.52,570.52,0,0
Adult8,I-VT filter,,20257,,Unclassified,7,444,1234,570.47,570.47,0,0
Adult8,I-VT filter,,20260,,Saccade,7,448,1238,570.41,570.41,0,0
Adult8,I-VT filter,,20263,,Saccade,7,433,1262,570.32,570.32,0,0
Adult8,I-VT filter,,20267,,Unclassified,10,429,1267,570.2,570.2,0,0
Adult8,I-VT filter,,20270,,Unclassified,10,517,1288,570.27,,0,4
Adult8,I-VT filter,,20273,,Unclassified,10,499,1360,577.12,,0,4
Adult8,I-VT filter,,20277,,Unclassified,257,,,,,4,4
Adult8,I-VT filter,,20280,,Unclassified,257,,,,,4,4
Adult8,I-VT filter,,20283,,Unclassified,257,,,,,4,4
Adult8,I-VT filter,,20287,,Unclassified,257,,,,,4,4
Adult8,I-VT filter,,20290,,Unclassified,257,,,,,4,4
Adult8,I-VT filter,,20293,,Unclassified,257,,,,,4,4
Adult8,I-VT filter,,20297,,Unclassified,257,,,,,4,4
Adult8,I-VT filter,,20300,,Unclassified,257,,,,,4,4
Adult8,I-VT filter,,20303,,Unclassified,257,,,,,4,4
Adult8,I-VT filter,,20307,,Unclassified,257,,,,,4,4
Adult8,I-VT filter,,20310,,Unclassified,257,,,,,4,4
Adult8,I-VT filter,,20313,,Unclassified,257,,,,,4,4
Adult8,I-VT filter,,20317,,Unclassified,257,,,,,4,4
Adult8,I-VT filter,,20320,,Unclassified,257,,,,,4,4
Adult8,I-VT filter,,20323,,Unclassified,257,,,,,4,4
Adult8,I-VT filter,,20327,,Unclassified,257,,,,,4,4
Adult8,I-VT filter,,20330,,Unclassified,257,,,,,4,4
Adult8,I-VT filter,,20333,,Unclassified,257,,,,,4,4
Adult8,I-VT filter,,20337,,Unclassified,257,,,,,4,4
Adult8,I-VT filter,,20340,,Unclassified,257,,,,,4,4
Adult8,I-VT filter,,20343,,Unclassified,257,,,,,4,4
Adult8,I-VT filter,,20347,,Unclassified,257,,,,,4,4
Adult8,I-VT filter,,20350,,Unclassified,257,,,,,4,4
Adult8,I-VT filter,,20353,,Unclassified,257,,,,,4,4
Adult8,I-VT filter,,20357,,Unclassified,257,,,,,4,4
Adult8,I-VT filter,,20360,,Unclassified,257,,,,,4,4
Adult8,I-VT filter,,20363,,Unclassified,257,,,,,4,4
Adult8,I-VT filter,,20367,,Unclassified,257,,,,,4,4
Adult8,I-VT filter,,20370,,Unclassified,257,,,,,4,4
Adult8,I-VT filter,,20373,,Unclassified,257,,,,,4,4
Adult8,I-VT filter,,20377,,Unclassified,257,,,,,4,4
Adult8,I-VT filter,,20380,,Unclassified,257,,,,,4,4
Adult8,I-VT filter,,20383,,Unclassified,257,,,,,4,4
Adult8,I-VT filter,,20387,,Unclassified,257,,,,,4,4
Adult8,I-VT filter,,20390,,Unclassified,257,,,,,4,4
Adult8,I-VT filter,,20393,,Unclassified,257,,,,,4,4
Adult8,I-VT filter,,20397,,Unclassified,257,,,,,4,4
Adult8,I-VT filter,,20400,,Unclassified,257,,,,,4,4
Adult8,I-VT filter,,20403,,Unclassified,257,,,,,4,4
Adult8,I-VT filter,,20407,,Unclassified,257,,,,,4,4
Adult8,I-VT filter,,20410,,Unclassified,257,,,,,4,4
Adult8,I-VT filter,,20413,,Unclassified,257,,,,,4,4
Adult8,I-VT filter,,20417,,Unclassified,257,,,,,4,4
Adult8,I-VT filter,,20420,,Unclassified,257,,,,,4,4
Adult8,I-VT filter,,20423,,Unclassified,257,,,,,4,4
Adult8,I-VT filter,,20427,,Unclassified,257,,,,,4,4
Adult8,I-VT filter,,20430,,Unclassified,257,,,,,4,4
Adult8,I-VT filter,,20433,,Unclassified,257,,,,,4,4
Adult8,I-VT filter,,20437,,Unclassified,257,,,,,4,4
Adult8,I-VT filter,,20440,,Unclassified,257,,,,,4,4
Adult8,I-VT filter,,20443,,Unclassified,257,,,,,4,4
Adult8,I-VT filter,,20447,,Unclassified,257,,,,,4,4
Adult8,I-VT filter,,20450,,Unclassified,257,,,,,4,4
Adult8,I-VT filter,,20453,,Unclassified,257,,,,,4,4
Adult8,I-VT filter,,20457,,Unclassified,257,,,,,4,4
Adult8,I-VT filter,,20460,,Unclassified,257,,,,,4,4
Adult8,I-VT filter,,20463,,Unclassified,257,,,,,4,4
Adult8,I-VT filter,,20467,,Unclassified,257,,,,,4,4
Adult8,I-VT filter,,20470,,Unclassified,257,,,,,4,4
Adult8,I-VT filter,,20473,,Unclassified,257,,,,,4,4
Adult8,I-VT filter,,20477,,Unclassified,257,,,,,4,4
Adult8,I-VT filter,,20480,,Unclassified,257,,,,,4,4
Adult8,I-VT filter,,20483,,Unclassified,257,,,,,4,4
Adult8,I-VT filter,,20487,,Unclassified,257,,,,,4,4
Adult8,I-VT filter,,20490,,Unclassified,257,814,1202,588.45,588.45,2,2
Adult8,I-VT filter,,20493,,Unclassified,257,866,1183,588.98,588.98,2,2
Adult8,I-VT filter,,20497,,Unclassified,257,,,,,4,4
Adult8,I-VT filter,,20500,,Unclassified,257,914,1184,587.4,587.4,2,2
Adult8,I-VT filter,,20503,,Unclassified,257,921,1162,586.86,586.86,2,2
Adult8,I-VT filter,,20507,,Unclassified,257,902,1155,587.94,587.94,2,2
Adult8,I-VT filter,,20510,,Unclassified,257,898,1176,587.21,587.21,2,2
Adult8,I-VT filter,,20513,,Unclassified,257,923,1170,570.34,570.34,2,2
Adult8,I-VT filter,,20517,,Unclassified,257,927,1167,570.57,570.57,2,2
Adult8,I-VT filter,,20520,,Unclassified,257,940,1165,570.82,570.82,2,2
Adult8,I-VT filter,,20523,,Unclassified,257,921,1156,571.09,571.09,2,2
Adult8,I-VT filter,,20527,,Unclassified,257,937,1153,571.35,571.35,2,2
Adult8,I-VT filter,,20530,,Unclassified,257,942,1151,571.61,571.61,2,2
Adult8,I-VT filter,,20533,,Unclassified,10,958,1181,571.94,571.94,0,0
Adult8,I-VT filter,,20537,,Unclassified,10,,,,,4,4
Adult8,I-VT filter,,20540,,Unclassified,10,,,,,4,4
Adult8,I-VT filter,,20543,,Saccade,7,,,,,4,4
Adult8,I-VT filter,,20547,,Saccade,7,982,1112,573.06,,0,4
Adult8,I-VT filter,,20550,,Unclassified,7,993,1113,573.32,,0,4
Adult8,I-VT filter,,20553,,Unclassified,7,993,1114,573.64,,0,4
Adult8,I-VT filter,,20557,,Saccade,3,976,1123,573.88,573.88,0,0
Adult8,I-VT filter,,20560,,Unclassified,3,966,1145,574.16,574.16,0,0
Adult8,I-VT filter,,20563,,Saccade,10,962,1143,574.46,574.46,0,0
Adult8,I-VT filter,,20567,,Saccade,10,986,1133,574.75,574.75,0,0
Adult8,I-VT filter,,20570,,Saccade,10,,,,,4,4
Adult8,I-VT filter,,20573,,Unclassified,3,,,,,4,4
Adult8,I-VT filter,,20577,,Saccade,3,942,1142,575.6,575.6,0,0
Adult8,I-VT filter,,20580,,Unclassified,27,946,1116,575.87,575.87,0,0
Adult8,I-VT filter,,20583,,Unclassified,27,982,1110,576.16,,0,4
Adult8,I-VT filter,,20587,,Unclassified,27,986,1114,576.45,,0,4
Adult8,I-VT filter,,20590,,Unclassified,27,975,1136,576.7,576.7,0,0
Adult8,I-VT filter,,20593,,Unclassified,27,963,1130,576.99,576.99,0,0
Adult8,I-VT filter,,20597,,Unclassified,27,977,1115,577.27,,0,4
Adult8,I-VT filter,,20600,,Unclassified,27,983,1115,577.57,,0,4
Adult8,I-VT filter,,20603,,Unclassified,27,976,1128,577.87,,0,4
Adult8,I-VT filter,,20607,,Saccade,3,951,1138,578.1,578.1,0,0
Adult8,I-VT filter,,20610,,Unclassified,13,969,1142,578.39,578.39,0,0
Adult8,I-VT filter,,20613,,Unclassified,13,980,1132,578.69,578.69,0,0
Adult8,I-VT filter,,20617,,Unclassified,13,977,1143,578.94,,0,4
Adult8,I-VT filter,,20620,,Unclassified,13,969,1149,579.25,579.25,0,0
Adult8,I-VT filter,,20623,,Saccade,3,958,1134,579.53,579.53,0,0
Adult8,I-VT filter,,20627,33,Fixation,113,,,,,4,4
Adult8,I-VT filter,,20630,33,Fixation,113,,,,,4,4
Adult8,I-VT filter,,20633,33,Fixation,113,971,1122,580.4,,0,4
Adult8,I-VT filter,,20637,33,Fixation,113,977,1119,580.69,,0,4
Adult8,I-VT filter,,20640,33,Fixation,113,960,1147,580.97,580.97,0,0
Adult8,I-VT filter,,20643,33,Fixation,113,968,1143,581.29,581.29,0,0
Adult8,I-VT filter,,20647,33,Fixation,113,963,1138,581.54,581.54,0,0
Adult8,I-VT filter,,20650,33,Fixation,113,978,1117,581.83,,0,4
Adult8,I-VT filter,,20653,33,Fixation,113,,,,,4,4
Adult8,I-VT filter,,20657,33,Fixation,113,,,,,4,4
Adult8,I-VT filter,,20660,33,Fixation,113,,,,,4,4
Adult8,I-VT filter,,20663,33,Fixation,113,,,,,4,4
Adult8,I-VT filter,,20667,33,Fixation,113,969,1139,583.17,583.17,0,0
Adult8,I-VT filter,,20670,33,Fixation,113,,,,,4,4
Adult8,I-VT filter,,20673,33,Fixation,113,,,,,4,4
Adult8,I-VT filter,,20677,33,Fixation,113,964,1134,583.96,583.96,0,0
Adult8,I-VT filter,,20680,33,Fixation,113,961,1126,584.23,584.23,0,0
Adult8,I-VT filter,,20683,33,Fixation,113,,,,,4,4
Adult8,I-VT filter,,20687,33,Fixation,113,,,,,4,4
Adult8,I-VT filter,,20690,33,Fixation,113,,,,,4,4
Adult8,I-VT filter,,20693,33,Fixation,113,,,,,4,4
Adult8,I-VT filter,,20697,33,Fixation,113,,,,,4,4
Adult8,I-VT filter,,20700,33,Fixation,113,,,,,4,4
Adult8,I-VT filter,,20703,33,Fixation,113,,,,,4,4
Adult8,I-VT filter,,20707,33,Fixation,113,,,,,4,4
Adult8,I-VT filter,,20710,33,Fixation,113,,,,,4,4
Adult8,I-VT filter,,20713,33,Fixation,113,,,,,4,4
Adult8,I-VT filter,,20717,33,Fixation,113,,,,,4,4
Adult8,I-VT filter,,20720,33,Fixation,113,962,1116,587.17,587.17,0,0
Adult8,I-VT filter,,20723,33,Fixation,113,,,,,4,4
Adult8,I-VT filter,,20727,33,Fixation,113,,,,,4,4
Adult8,I-VT filter,,20730,33,Fixation,113,,,,,4,4
Adult8,I-VT filter,,20733,33,Fixation,113,,,,,4,4
Adult8,I-VT filter,,20737,33,Fixation,113,,,,,4,4
Adult8,I-VT filter,,20740,,Saccade,73,,,,,4,4
Adult8,I-VT filter,,20743,,Saccade,73,963,1109,589.03,,0,4
Adult8,I-VT filter,,20747,,Saccade,73,963,1144,589.3,589.3,0,0
Adult8,I-VT filter,,20750,,Saccade,73,,,,,4,4
Adult8,I-VT filter,,20753,,Saccade,73,,,,,4,4
Adult8,I-VT filter,,20757,,Saccade,73,,,,,4,4
Adult8,I-VT filter,,20760,,Saccade,73,,,,,4,4
Adult8,I-VT filter,,20763,,Saccade,73,,,,,4,4
Adult8,I-VT filter,,20767,,Saccade,73,,,,,4,4
Adult8,I-VT filter,,20770,,Saccade,73,,,,,4,4
Adult8,I-VT filter,,20773,,Saccade,73,,,,,4,4
Adult8,I-VT filter,,20777,,Saccade,73,,,,,4,4
Adult8,I-VT filter,,20780,,Saccade,73,,,,,4,4
Adult8,I-VT filter,,20783,,Saccade,73,,,,,4,4
Adult8,I-VT filter,,20787,,Saccade,73,939,1220,592.67,592.67,0,0
Adult8,I-VT filter,,20790,,Saccade,73,972,1193,592.96,,0,4
Adult8,I-VT filter,,20793,,Saccade,73,922,1243,593.27,593.27,0,0
Adult8,I-VT filter,,20797,,Saccade,73,910,1266,593.56,593.56,0,0
Adult8,I-VT filter,,20800,,Saccade,73,930,1283,593.84,593.84,0,0
Adult8,I-VT filter,,20803,,Saccade,73,995,1261,594.17,,0,4
Adult8,I-VT filter,,20807,,Saccade,73,988,1250,594.5,,0,4
Adult8,I-VT filter,,20810,,Saccade,73,,,,,4,4
Adult8,I-VT filter,,20813,,Unclassified,10,876,1467,,0,4,0
Adult8,I-VT filter,,20817,,Unclassified,10,,,,,4,4
Adult8,I-VT filter,,20820,,Unclassified,10,983,1415,594.44,,0,4
Adult8,I-VT filter,,20823,,Unclassified,387,,,,,4,4
Adult8,I-VT filter,,20827,,Unclassified,387,,,,,4,4
Adult8,I-VT filter,,20830,,Unclassified,387,,,,,4,4
Adult8,I-VT filter,,20833,,Unclassified,387,,,,,4,4
Adult8,I-VT filter,,20837,,Unclassified,387,,,,,4,4
Adult8,I-VT filter,,20840,,Unclassified,387,,,,,4,4
Adult8,I-VT filter,,20843,,Unclassified,387,,,,,4,4
Adult8,I-VT filter,,20847,,Unclassified,387,,,,,4,4
Adult8,I-VT filter,,20850,,Unclassified,387,,,,,4,4
Adult8,I-VT filter,,20853,,Unclassified,387,,,,,4,4
Adult8,I-VT filter,,20857,,Unclassified,387,,,,,4,4
Adult8,I-VT filter,,20860,,Unclassified,387,,,,,4,4
Adult8,I-VT filter,,20863,,Unclassified,387,,,,,4,4
Adult8,I-VT filter,,20867,,Unclassified,387,,,,,4,4
Adult8,I-VT filter,,20870,,Unclassified,387,,,,,4,4
Adult8,I-VT filter,,20873,,Unclassified,387,,,,,4,4
Adult8,I-VT filter,,20877,,Unclassified,387,,,,,4,4
Adult8,I-VT filter,,20880,,Unclassified,387,,,,,4,4
Adult8,I-VT filter,,20883,,Unclassified,387,,,,,4,4
Adult8,I-VT filter,,20887,,Unclassified,387,,,,,4,4
Adult8,I-VT filter,,20890,,Unclassified,387,,,,,4,4
Adult8,I-VT filter,,20893,,Unclassified,387,,,,,4,4
Adult8,I-VT filter,,20897,,Unclassified,387,,,,,4,4
Adult8,I-VT filter,,20900,,Unclassified,387,,,,,4,4
Adult8,I-VT filter,,20903,,Unclassified,387,,,,,4,4
Adult8,I-VT filter,,20906,,Unclassified,387,,,,,4,4
Adult8,I-VT filter,,20910,,Unclassified,387,,,,,4,4
Adult8,I-VT filter,,20913,,Unclassified,387,,,,,4,4
Adult8,I-VT filter,,20917,,Unclassified,387,,,,,4,4
Adult8,I-VT filter,,20920,,Unclassified,387,,,,,4,4
Adult8,I-VT filter,,20923,,Unclassified,387,,,,,4,4
Adult8,I-VT filter,,20927,,Unclassified,387,,,,,4,4
Adult8,I-VT filter,,20930,,Unclassified,387,,,,,4,4
Adult8,I-VT filter,,20933,,Unclassified,387,,,,,4,4
Adult8,I-VT filter,,20937,,Unclassified,387,,,,,4,4
Adult8,I-VT filter,,20940,,Unclassified,387,,,,,4,4
Adult8,I-VT filter,,20943,,Unclassified,387,,,,,4,4
Adult8,I-VT filter,,20947,,Unclassified,387,,,,,4,4
Adult8,I-VT filter,,20950,,Unclassified,387,,,,,4,4
Adult8,I-VT filter,,20953,,Unclassified,387,,,,,4,4
Adult8,I-VT filter,,20957,,Unclassified,387,,,,,4,4
Adult8,I-VT filter,,20960,,Unclassified,387,,,,,4,4
Adult8,I-VT filter,,20963,,Unclassified,387,,,,,4,4
Adult8,I-VT filter,,20967,,Unclassified,387,,,,,4,4
Adult8,I-VT filter,,20970,,Unclassified,387,,,,,4,4
Adult8,I-VT filter,,20973,,Unclassified,387,,,,,4,4
Adult8,I-VT filter,,20977,,Unclassified,387,,,,,4,4
Adult8,I-VT filter,,20980,,Unclassified,387,,,,,4,4
Adult8,I-VT filter,,20983,,Unclassified,387,,,,,4,4
Adult8,I-VT filter,,20987,,Unclassified,387,,,,,4,4
Adult8,I-VT filter,,20990,,Unclassified,387,,,,,4,4
Adult8,I-VT filter,,20993,,Unclassified,387,,,,,4,4
Adult8,I-VT filter,,20997,,Unclassified,387,,,,,4,4
Adult8,I-VT filter,,21000,,Unclassified,387,,,,,4,4
Adult8,I-VT filter,,21003,,Unclassified,387,,,,,4,4
Adult8,I-VT filter,,21007,,Unclassified,387,,,,,4,4
Adult8,I-VT filter,,21010,,Unclassified,387,,,,,4,4
Adult8,I-VT filter,,21013,,Unclassified,387,,,,,4,4
Adult8,I-VT filter,,21017,,Unclassified,387,,,,,4,4
Adult8,I-VT filter,,21020,,Unclassified,387,,,,,4,4
Adult8,I-VT filter,,21023,,Unclassified,387,,,,,4,4
Adult8,I-VT filter,,21027,,Unclassified,387,,,,,4,4
Adult8,I-VT filter,,21030,,Unclassified,387,,,,,4,4
Adult8,I-VT filter,,21033,,Unclassified,387,,,,,4,4
Adult8,I-VT filter,,21037,,Unclassified,387,,,,,4,4
Adult8,I-VT filter,,21040,,Unclassified,387,,,,,4,4
Adult8,I-VT filter,,21043,,Unclassified,387,,,,,4,4
Adult8,I-VT filter,,21046,,Unclassified,387,,,,,4,4
Adult8,I-VT filter,,21050,,Unclassified,387,,,,,4,4
Adult8,I-VT filter,,21053,,Unclassified,387,,,,,4,4
Adult8,I-VT filter,,21056,,Unclassified,387,,,,,4,4
Adult8,I-VT filter,,21060,,Unclassified,387,,,,,4,4
Adult8,I-VT filter,,21063,,Unclassified,387,,,,,4,4
Adult8,I-VT filter,,21066,,Unclassified,387,,,,,4,4
Adult8,I-VT filter,,21070,,Unclassified,387,,,,,4,4
Adult8,I-VT filter,,21073,,Unclassified,387,,,,,4,4
Adult8,I-VT filter,,21076,,Unclassified,387,,,,,4,4
Adult8,I-VT filter,,21080,,Unclassified,387,,,,,4,4
Adult8,I-VT filter,,21083,,Unclassified,387,,,,,4,4
Adult8,I-VT filter,,21087,,Unclassified,387,,,,,4,4
Adult8,I-VT filter,,21090,,Unclassified,387,,,,,4,4
Adult8,I-VT filter,,21093,,Unclassified,387,,,,,4,4
Adult8,I-VT filter,,21097,,Unclassified,387,,,,,4,4
Adult8,I-VT filter,,21100,,Unclassified,387,,,,,4,4
Adult8,I-VT filter,,21103,,Unclassified,387,,,,,4,4
Adult8,I-VT filter,,21107,,Unclassified,387,,,,,4,4
Adult8,I-VT filter,,21110,,Unclassified,387,,,,,4,4
Adult8,I-VT filter,,21113,,Unclassified,387,,,,,4,4
Adult8,I-VT filter,,21116,,Unclassified,387,,,,,4,4
Adult8,I-VT filter,,21120,,Unclassified,387,,,,,4,4
Adult8,I-VT filter,,21123,,Unclassified,387,,,,,4,4
Adult8,I-VT filter,,21126,,Unclassified,387,,,,,4,4
Adult8,I-VT filter,,21130,,Unclassified,387,,,,,4,4
Adult8,I-VT filter,,21133,,Unclassified,387,,,,,4,4
Adult8,I-VT filter,,21136,,Unclassified,387,,,,,4,4
Adult8,I-VT filter,,21140,,Unclassified,387,,,,,4,4
Adult8,I-VT filter,,21143,,Unclassified,387,,,,,4,4
Adult8,I-VT filter,,21146,,Unclassified,387,,,,,4,4
Adult8,I-VT filter,,21150,,Unclassified,387,,,,,4,4
Adult8,I-VT filter,,21153,,Unclassified,387,,,,,4,4
Adult8,I-VT filter,,21156,,Unclassified,387,,,,,4,4
Adult8,I-VT filter,,21160,,Unclassified,387,,,,,4,4
Adult8,I-VT filter,,21163,,Unclassified,387,,,,,4,4
Adult8,I-VT filter,,21166,,Unclassified,387,,,,,4,4
Adult8,I-VT filter,,21170,,Unclassified,387,,,,,4,4
Adult8,I-VT filter,,21173,,Unclassified,387,,,,,4,4
Adult8,I-VT filter,,21176,,Unclassified,387,,,,,4,4
Adult8,I-VT filter,,21180,,Unclassified,387,,,,,4,4
Adult8,I-VT filter,,21183,,Unclassified,387,,,,,4,4
Adult8,I-VT filter,,21186,,Unclassified,387,,,,,4,4
Adult8,I-VT filter,,21190,,Unclassified,387,,,,,4,4
Adult8,I-VT filter,,21193,,Unclassified,387,,,,,4,4
Adult8,I-VT filter,,21197,,Unclassified,387,,,,,4,4
Adult8,I-VT filter,,21200,,Unclassified,387,,,,,4,4
Adult8,I-VT filter,,21203,,Unclassified,387,,,,,4,4
Adult8,I-VT filter,,21206,,Unclassified,387,,,,,4,4
Adult8,I-VT filter,,21210,,Unclassified,3,815,457,636.66,636.66,1,3
Adult8,I-VT filter,,21213,,Unclassified,17,797,424,636.58,636.58,2,2
Adult8,I-VT filter,,21216,,Unclassified,17,813,430,636.6,636.6,2,2
Adult8,I-VT filter,,21220,,Unclassified,17,804,448,636.61,636.61,2,2
Adult8,I-VT filter,,21223,,Unclassified,17,820,451,636.63,636.63,2,2
Adult8,I-VT filter,,21227,,Unclassified,17,814,431,636.64,636.64,2,2
Adult8,I-VT filter,,21230,,Unclassified,10,800,438,618.92,618.92,1,3
Adult8,I-VT filter,,21233,,Unclassified,10,794,450,618.95,618.95,1,3
Adult8,I-VT filter,,21236,,Unclassified,10,800,463,618.98,618.98,1,3
Adult8,I-VT filter,,21240,,Saccade,20,797,470,618.95,618.95,1,3
Adult8,I-VT filter,,21243,,Saccade,20,798,473,618.95,618.95,1,3
Adult8,I-VT filter,,21246,,Saccade,20,871,459,618.93,618.93,0,0
Adult8,I-VT filter,,21250,,Saccade,20,867,470,618.97,618.97,0,0
Adult8,I-VT filter,,21253,,Saccade,20,861,472,619.03,619.03,0,0
Adult8,I-VT filter,,21257,,Saccade,20,865,474,619.02,619.02,0,0
Adult8,I-VT filter,,21260,,Unclassified,3,867,475,619.02,619.02,0,0
Adult8,I-VT filter,,21263,,Saccade,3,866,479,619.03,619.03,0,0
Adult8,I-VT filter,,21266,34,Fixation,103,867,482,618.99,618.99,0,0
Adult8,I-VT filter,,21270,34,Fixation,103,868,483,618.98,618.98,0,0
Adult8,I-VT filter,,21273,34,Fixation,103,861,493,619.04,619.04,0,0
Adult8,I-VT filter,,21276,34,Fixation,103,863,489,619.04,619.04,0,0
Adult8,I-VT filter,,21280,34,Fixation,103,865,493,618.98,618.98,0,0
Adult8,I-VT filter,,21283,34,Fixation,103,862,494,619,619,0,0
Adult8,I-VT filter,,21286,34,Fixation,103,864,497,619,619,0,0
Adult8,I-VT filter,,21290,34,Fixation,103,868,495,618.98,618.98,0,0
Adult8,I-VT filter,,21293,34,Fixation,103,865,491,618.99,618.99,0,0
Adult8,I-VT filter,,21297,34,Fixation,103,860,490,618.97,618.97,0,0
Adult8,I-VT filter,,21300,34,Fixation,103,865,486,618.93,618.93,0,0
Adult8,I-VT filter,,21303,34,Fixation,103,866,479,618.96,618.96,0,0
Adult8,I-VT filter,,21306,34,Fixation,103,869,486,618.89,618.89,0,0
Adult8,I-VT filter,,21310,34,Fixation,103,863,482,618.94,618.94,0,0
Adult8,I-VT filter,,21313,34,Fixation,103,868,487,618.87,618.87,0,0
Adult8,I-VT filter,,21316,34,Fixation,103,871,481,618.89,618.89,0,0
Adult8,I-VT filter,,21320,34,Fixation,103,864,482,618.87,618.87,0,0
Adult8,I-VT filter,,21323,34,Fixation,103,865,483,618.84,618.84,0,0
Adult8,I-VT filter,,21327,34,Fixation,103,868,483,618.85,618.85,0,0
Adult8,I-VT filter,,21330,34,Fixation,103,866,489,618.77,618.77,0,0
Adult8,I-VT filter,,21333,34,Fixation,103,867,472,618.8,618.8,0,0
Adult8,I-VT filter,,21336,34,Fixation,103,861,487,618.74,618.74,0,0
Adult8,I-VT filter,,21340,34,Fixation,103,863,483,618.7,618.7,0,0
Adult8,I-VT filter,,21343,34,Fixation,103,861,481,618.68,618.68,0,0
Adult8,I-VT filter,,21346,34,Fixation,103,863,485,618.6,618.6,0,0
Adult8,I-VT filter,,21350,34,Fixation,103,859,483,618.59,618.59,0,0
Adult8,I-VT filter,,21353,34,Fixation,103,867,485,618.58,618.58,0,0
Adult8,I-VT filter,,21356,34,Fixation,103,865,482,618.48,618.48,0,0
Adult8,I-VT filter,,21360,34,Fixation,103,868,484,618.49,618.49,0,0
Adult8,I-VT filter,,21363,34,Fixation,103,866,487,618.46,618.46,0,0
Adult8,I-VT filter,,21366,34,Fixation,103,864,485,618.32,618.32,0,0
Adult8,I-VT filter,,21370,,Saccade,57,867,486,618.35,618.35,0,0
Adult8,I-VT filter,,21373,,Saccade,57,861,480,618.31,618.31,0,0
Adult8,I-VT filter,,21376,,Saccade,57,861,479,618.37,618.37,0,0
Adult8,I-VT filter,,21380,,Saccade,57,844,493,618.36,618.36,0,0
Adult8,I-VT filter,,21383,,Saccade,57,815,511,618.41,618.41,0,0
Adult8,I-VT filter,,21386,,Saccade,57,765,519,618.35,618.35,0,0
Adult8,I-VT filter,,21390,,Saccade,57,727,520,618.19,618.19,0,0
Adult8,I-VT filter,,21393,,Saccade,57,686,524,618.04,618.04,0,0
Adult8,I-VT filter,,21397,,Saccade,57,657,528,617.87,617.87,0,0
Adult8,I-VT filter,,21400,,Saccade,57,616,526,617.86,617.86,0,0
Adult8,I-VT filter,,21403,,Saccade,57,578,534,617.76,617.76,0,0
Adult8,I-VT filter,,21406,,Saccade,57,547,539,618,618,0,0
Adult8,I-VT filter,,21410,,Saccade,57,505,548,617.86,617.86,0,0
Adult8,I-VT filter,,21413,,Saccade,57,479,558,618.11,618.11,0,0
Adult8,I-VT filter,,21416,,Saccade,57,452,571,618.13,618.13,0,0
Adult8,I-VT filter,,21420,,Saccade,57,432,577,618.29,618.29,0,0
Adult8,I-VT filter,,21423,,Saccade,57,414,583,618.42,618.42,0,0
Adult8,I-VT filter,,21426,,Unclassified,7,424,580,618.4,618.4,0,0
Adult8,I-VT filter,,21430,,Unclassified,7,435,575,618.36,618.36,0,0
Adult8,I-VT filter,,21433,,Saccade,3,441,581,618.29,618.29,0,0
Adult8,I-VT filter,,21436,35,Fixation,130,443,575,618.28,618.28,0,0
Adult8,I-VT filter,,21440,35,Fixation,130,437,573,618.28,618.28,0,0
Adult8,I-VT filter,,21443,35,Fixation,130,435,570,618.25,618.25,0,0
Adult8,I-VT filter,,21446,35,Fixation,130,432,567,618.21,618.21,0,0
Adult8,I-VT filter,,21450,35,Fixation,130,435,581,618.15,618.15,0,0
Adult8,I-VT filter,,21453,35,Fixation,130,430,578,618.13,618.13,0,0
Adult8,I-VT filter,,21456,35,Fixation,130,436,576,618.12,618.12,0,0
Adult8,I-VT filter,,21460,35,Fixation,130,432,584,618.16,618.16,0,0
Adult8,I-VT filter,,21463,35,Fixation,130,434,588,618.15,618.15,0,0
Adult8,I-VT filter,,21466,35,Fixation,130,433,579,618.11,618.11,0,0
Adult8,I-VT filter,,21470,35,Fixation,130,438,585,618.1,618.1,0,0
Adult8,I-VT filter,,21473,35,Fixation,130,438,584,618.13,618.13,0,0
Adult8,I-VT filter,,21476,35,Fixation,130,440,584,618.11,618.11,0,0
Adult8,I-VT filter,,21480,35,Fixation,130,429,592,618.12,618.12,0,0
Adult8,I-VT filter,,21483,35,Fixation,130,431,584,618.17,618.17,0,0
Adult8,I-VT filter,,21486,35,Fixation,130,428,580,618.1,618.1,0,0
Adult8,I-VT filter,,21490,35,Fixation,130,431,585,618.08,618.08,0,0
Adult8,I-VT filter,,21493,35,Fixation,130,438,593,618.05,618.05,0,0
Adult8,I-VT filter,,21496,35,Fixation,130,439,584,618.12,618.12,0,0
Adult8,I-VT filter,,21500,35,Fixation,130,443,581,618.15,618.15,0,0
Adult8,I-VT filter,,21503,35,Fixation,130,433,582,618.12,618.12,0,0
Adult8,I-VT filter,,21506,35,Fixation,130,438,574,618.19,618.19,0,0
Adult8,I-VT filter,,21510,35,Fixation,130,433,588,618.15,618.15,0,0
Adult8,I-VT filter,,21513,35,Fixation,130,437,580,618.2,618.2,0,0
Adult8,I-VT filter,,21516,35,Fixation,130,440,580,618.18,618.18,0,0
Adult8,I-VT filter,,21520,35,Fixation,130,432,580,618.29,618.29,0,0
Adult8,I-VT filter,,21523,35,Fixation,130,435,581,618.28,618.28,0,0
Adult8,I-VT filter,,21526,35,Fixation,130,437,589,618.3,618.3,0,0
Adult8,I-VT filter,,21530,35,Fixation,130,436,577,618.39,618.39,0,0
Adult8,I-VT filter,,21533,35,Fixation,130,435,576,618.48,618.48,0,0
Adult8,I-VT filter,,21536,35,Fixation,130,440,579,618.48,618.48,0,0
Adult8,I-VT filter,,21540,35,Fixation,130,439,582,618.49,618.49,0,0
Adult8,I-VT filter,,21543,35,Fixation,130,435,572,618.56,618.56,0,0
Adult8,I-VT filter,,21546,35,Fixation,130,434,580,618.64,618.64,0,0
Adult8,I-VT filter,,21550,35,Fixation,130,429,578,618.75,618.75,0,0
Adult8,I-VT filter,,21553,35,Fixation,130,438,576,618.83,618.83,0,0
Adult8,I-VT filter,,21556,35,Fixation,130,435,573,618.96,618.96,0,0
Adult8,I-VT filter,,21560,35,Fixation,130,431,571,618.99,618.99,0,0
Adult8,I-VT filter,,21563,35,Fixation,130,435,573,619.09,619.09,0,0
Adult8,I-VT filter,,21566,,Saccade,57,436,578,619.23,619.23,0,0
Adult8,I-VT filter,,21570,,Saccade,57,435,576,619.44,619.44,0,0
Adult8,I-VT filter,,21573,,Saccade,57,417,578,619.82,619.82,0,0
Adult8,I-VT filter,,21576,,Saccade,57,376,576,620.92,620.92,0,0
Adult8,I-VT filter,,21580,,Saccade,57,330,586,621.99,621.99,0,0
Adult8,I-VT filter,,21583,,Saccade,57,277,599,623.19,623.19,0,0
Adult8,I-VT filter,,21586,,Saccade,57,256,594,620.37,620.37,0,0
Adult8,I-VT filter,,21590,,Saccade,57,128,572,622.66,622.66,0,0
Adult8,I-VT filter,,21593,,Saccade,57,98,563,621.16,621.16,0,0
Adult8,I-VT filter,,21596,,Saccade,57,60,572,623.48,623.48,0,0
Adult8,I-VT filter,,21600,,Saccade,57,72,578,626.08,626.08,0,0
Adult8,I-VT filter,,21603,,Saccade,57,47,584,626.5,626.5,0,0
Adult8,I-VT filter,,21606,,Saccade,57,-25,570,625.97,625.97,0,0
Adult8,I-VT filter,,21610,,Saccade,57,-29,578,625.9,625.9,0,0
Adult8,I-VT filter,,21613,,Saccade,57,-83,588,620.24,620.24,0,0
Adult8,I-VT filter,,21616,,Saccade,57,-71,576,620.26,620.26,0,0
Adult8,I-VT filter,,21620,,Saccade,57,-66,567,620.53,620.53,0,0
Adult8,I-VT filter,,21623,36,Fixation,193,-60,573,620.68,620.68,0,0
Adult8,I-VT filter,,21626,36,Fixation,193,-69,579,620.84,620.84,0,0
Adult8,I-VT filter,,21630,36,Fixation,193,-77,574,621.09,621.09,0,0
Adult8,I-VT filter,,21633,36,Fixation,193,-70,575,621.21,621.21,0,0
Adult8,I-VT filter,,21636,36,Fixation,193,-75,575,621.4,621.4,0,0
Adult8,I-VT filter,,21640,36,Fixation,193,-68,582,621.67,621.67,0,0
Adult8,I-VT filter,,21643,36,Fixation,193,-63,574,621.77,621.77,0,0
Adult8,I-VT filter,,21646,36,Fixation,193,-64,573,622.07,622.07,0,0
Adult8,I-VT filter,,21650,36,Fixation,193,-68,581,622.23,622.23,0,0
Adult8,I-VT filter,,21653,36,Fixation,193,-61,582,622.36,622.36,0,0
Adult8,I-VT filter,,21656,36,Fixation,193,-67,578,622.72,622.72,0,0
Adult8,I-VT filter,,21660,36,Fixation,193,-59,573,622.83,622.83,0,0
Adult8,I-VT filter,,21663,36,Fixation,193,-64,581,623.1,623.1,0,0
Adult8,I-VT filter,,21666,36,Fixation,193,-59,588,623.35,623.35,0,0
Adult8,I-VT filter,,21670,36,Fixation,193,-68,586,623.51,623.51,0,0
Adult8,I-VT filter,,21673,36,Fixation,193,-66,584,623.85,623.85,0,0
Adult8,I-VT filter,,21676,36,Fixation,193,-66,580,623.92,623.92,0,0
Adult8,I-VT filter,,21680,36,Fixation,193,-60,584,624.28,624.28,0,0
Adult8,I-VT filter,,21683,36,Fixation,193,-60,584,624.41,624.41,0,0
Adult8,I-VT filter,,21686,36,Fixation,193,-57,588,624.77,624.77,0,0
Adult8,I-VT filter,,21690,36,Fixation,193,-59,598,624.99,624.99,0,0
Adult8,I-VT filter,,21693,36,Fixation,193,-57,583,625.22,625.22,0,0
Adult8,I-VT filter,,21696,36,Fixation,193,-60,589,625.54,625.54,0,0
Adult8,I-VT filter,,21700,36,Fixation,193,-58,586,625.71,625.71,0,0
Adult8,I-VT filter,,21703,36,Fixation,193,-68,586,626.05,626.05,0,0
Adult8,I-VT filter,,21706,36,Fixation,193,-62,589,626.1,626.1,0,0
Adult8,I-VT filter,,21710,36,Fixation,193,-63,586,626.5,626.5,0,0
Adult8,I-VT filter,,21713,36,Fixation,193,-55,584,626.78,626.78,0,0
Adult8,I-VT filter,,21716,36,Fixation,193,-58,591,626.93,626.93,0,0
Adult8,I-VT filter,,21720,36,Fixation,193,-54,599,627.25,627.25,0,0
Adult8,I-VT filter,,21723,36,Fixation,193,-62,594,627.53,627.53,0,0
Adult8,I-VT filter,,21726,36,Fixation,193,-62,579,627.79,627.79,0,0
Adult8,I-VT filter,,21730,36,Fixation,193,-57,580,628.02,628.02,0,0
Adult8,I-VT filter,,21733,36,Fixation,193,-52,590,628.32,628.32,0,0
Adult8,I-VT filter,,21736,36,Fixation,193,-60,585,628.66,628.66,0,0
Adult8,I-VT filter,,21740,36,Fixation,193,-57,587,628.89,628.89,0,0
Adult8,I-VT filter,,21743,36,Fixation,193,-60,589,629.15,629.15,0,0
Adult8,I-VT filter,,21746,36,Fixation,193,-57,593,629.38,629.38,0,0
Adult8,I-VT filter,,21750,36,Fixation,193,-60,586,629.7,629.7,0,0
Adult8,I-VT filter,,21753,36,Fixation,193,-58,598,629.99,629.99,0,0
Adult8,I-VT filter,,21756,36,Fixation,193,-55,585,630.21,630.21,0,0
Adult8,I-VT filter,,21760,36,Fixation,193,-51,582,630.59,630.59,0,0
Adult8,I-VT filter,,21763,36,Fixation,193,-61,581,630.84,630.84,0,0
Adult8,I-VT filter,,21766,36,Fixation,193,-67,587,631.17,631.17,0,0
Adult8,I-VT filter,,21770,36,Fixation,193,-62,585,631.45,631.45,0,0
Adult8,I-VT filter,,21773,36,Fixation,193,-57,592,631.77,631.77,0,0
Adult8,I-VT filter,,21776,36,Fixation,193,-67,587,632.16,632.16,0,0
Adult8,I-VT filter,,21780,36,Fixation,193,-62,587,632.47,632.47,0,0
Adult8,I-VT filter,,21783,36,Fixation,193,-59,595,632.69,632.69,0,0
Adult8,I-VT filter,,21786,36,Fixation,193,-66,588,633.12,633.12,0,0
Adult8,I-VT filter,,21790,36,Fixation,193,-58,587,633.3,633.3,0,0
Adult8,I-VT filter,,21793,36,Fixation,193,-63,596,633.7,633.7,0,0
Adult8,I-VT filter,,21796,36,Fixation,193,-61,580,633.97,633.97,0,0
Adult8,I-VT filter,,21800,36,Fixation,193,-62,593,634.28,634.28,0,0
Adult8,I-VT filter,,21803,36,Fixation,193,-67,590,634.63,634.63,0,0
Adult8,I-VT filter,,21806,36,Fixation,193,-68,596,634.88,634.88,0,0
Adult8,I-VT filter,,21810,36,Fixation,193,-59,599,635.19,635.19,0,0
Adult8,I-VT filter,,21813,36,Fixation,193,-70,581,635.46,635.46,0,0
Adult8,I-VT filter,,21816,,Saccade,20,-63,589,635.81,635.81,0,0
Adult8,I-VT filter,,21820,,Saccade,20,-69,588,636.22,636.22,0,0
Adult8,I-VT filter,,21823,,Saccade,20,-57,593,636.39,636.39,0,0
Adult8,I-VT filter,,21826,,Saccade,20,-25,598,636.59,636.59,0,0
Adult8,I-VT filter,,21830,,Saccade,20,-12,600,637.06,637.06,0,0
Adult8,I-VT filter,,21833,,Saccade,20,-4,599,637.25,637.25,0,0
Adult8,I-VT filter,,21836,,Unclassified,3,-9,607,637.31,637.31,0,0
Adult8,I-VT filter,,21840,,Saccade,20,-22,603,645.62,645.62,0,0
Adult8,I-VT filter,,21843,,Saccade,20,-34,617,638.34,638.34,0,0
Adult8,I-VT filter,,21846,,Saccade,20,-28,615,638.67,638.67,0,0
Adult8,I-VT filter,,21850,,Saccade,20,-46,592,639.22,639.22,0,0
Adult8,I-VT filter,,21853,,Saccade,20,-27,567,639.54,639.54,0,0
Adult8,I-VT filter,,21856,,Saccade,20,-28,570,640.08,640.08,0,0
Adult8,I-VT filter,,21860,,Unclassified,10,-34,577,640.24,640.24,0,0
Adult8,I-VT filter,,21863,,Unclassified,10,-115,572,640.86,640.86,0,0
Adult8,I-VT filter,,21866,,Unclassified,10,-23,682,567.33,567.33,0,0
Adult8,I-VT filter,,21870,,Unclassified,17,,,,,4,4
Adult8,I-VT filter,,21873,,Unclassified,17,,,,,4,4
Adult8,I-VT filter,,21876,,Unclassified,17,,,,,4,4
Adult8,I-VT filter,,21880,,Unclassified,17,,,,,4,4
Adult8,I-VT filter,,21883,,Unclassified,17,,,,,4,4
Adult8,I-VT filter,,21886,,Unclassified,7,-400,1006,565.69,565.69,1,3
Adult8,I-VT filter,,21890,,Unclassified,7,-334,1131,565.74,565.74,3,1
Adult8,I-VT filter,,21893,,Unclassified,25,,,,,4,4
Adult8,I-VT filter,,21896,,Unclassified,25,,,,,4,4
Adult8,I-VT filter,,21900,,Unclassified,25,,,,,4,4
Adult8,I-VT filter,,21903,,Unclassified,25,,,,,4,4
Adult8,I-VT filter,,21906,,Unclassified,25,,,,,4,4
Adult8,I-VT filter,,21910,,Unclassified,25,,,,,4,4
Adult8,I-VT filter,,21913,,Unclassified,25,,,,,4,4
Adult8,I-VT filter,,21916,,Unclassified,25,,,,,4,4